3353.0	-457.0	144.0	27.0	0.0	246.0	-45.0	-158.0	-221.0	-71.0	-20.0	-45.0	134.0	-249.0	13.0	-14.0	-270.0	53.0	-14.0	354.0	-317.0	-659.0	-508.0	468.0	617.0	-86.0	464.0	-176.0	359.0	71.0	-318.0	25.0	-652.0	580.0	-427.0	-334.0	141.0	-527.0	152.0	-205.0	421.0	686.0	84.0	400.0	-122.0	-259.0	-304.0	-682.0	-151.0	260.0	15.0	136.0	775.0	194.0	-423.0	817.0	29.0	507.0	-564.0	471.0	109.0	230.0	55.0	-111.0	-263.0	661.0	497.0	25.0	-84.0	-569.0	508.0	-109.0	-55.0	-53.0	-394.0	593.0	705.0	-49.0	-558.0	-393.0	220.0	-134.0	-212.0	-758.0	-363.0	159.0	185.0	104.0	177.0	143.0	279.0	141.0	590.0	300.0	75.0	34.0	-232.0	-239.0	66.0	-410.0
-457.0	3118.0	148.0	312.0	458.0	533.0	670.0	486.0	490.0	-483.0	139.0	457.0	-62.0	11.0	-301.0	-115.0	-218.0	-728.0	400.0	532.0	436.0	706.0	164.0	-254.0	16.0	154.0	-615.0	-412.0	489.0	13.0	-232.0	515.0	146.0	314.0	72.0	300.0	-248.0	21.0	-36.0	421.0	56.0	-54.0	-158.0	19.0	-66.0	137.0	-238.0	128.0	124.0	-240.0	-150.0	-153.0	-474.0	43.0	-702.0	-326.0	79.0	70.0	29.0	-164.0	61.0	-141.0	-269.0	-197.0	420.0	192.0	214.0	-426.0	-197.0	-229.0	-494.0	-35.0	-3.0	438.0	12.0	310.0	-339.0	52.0	-76.0	416.0	196.0	256.0	-30.0	338.0	69.0	-309.0	-3.0	-119.0	212.0	-83.0	-57.0	-267.0	-115.0	-59.0	236.0	892.0	393.0	182.0	-356.0	318.0
144.0	148.0	3409.0	-523.0	-662.0	92.0	229.0	-66.0	480.0	-687.0	111.0	-345.0	-61.0	226.0	520.0	-53.0	552.0	-119.0	-753.0	3.0	286.0	-817.0	538.0	-104.0	-355.0	281.0	419.0	-136.0	93.0	251.0	-598.0	-682.0	355.0	-393.0	-50.0	-374.0	50.0	111.0	423.0	401.0	414.0	-154.0	560.0	398.0	785.0	-247.0	711.0	132.0	325.0	-180.0	-152.0	-711.0	-217.0	-49.0	-184.0	94.0	-761.0	-57.0	-413.0	-147.0	-83.0	-464.0	-508.0	-175.0	-392.0	-113.0	-648.0	-161.0	296.0	-38.0	111.0	266.0	138.0	-616.0	-545.0	18.0	109.0	171.0	401.0	-104.0	-241.0	-80.0	3.0	-533.0	216.0	-274.0	92.0	-562.0	-262.0	-56.0	-260.0	327.0	510.0	95.0	-234.0	510.0	-207.0	-478.0	-92.0	-159.0
27.0	312.0	-523.0	3726.0	281.0	-50.0	-275.0	-111.0	-217.0	-624.0	-399.0	367.0	443.0	324.0	-158.0	-906.0	-114.0	-423.0	123.0	492.0	-64.0	-438.0	-515.0	-191.0	309.0	393.0	-163.0	-89.0	-603.0	-181.0	63.0	266.0	-250.0	167.0	-78.0	-371.0	-391.0	-181.0	291.0	-353.0	-550.0	-56.0	-109.0	103.0	-5.0	96.0	168.0	-316.0	214.0	-64.0	240.0	-394.0	538.0	121.0	-32.0	53.0	335.0	133.0	-108.0	-515.0	366.0	86.0	-30.0	615.0	36.0	234.0	557.0	-203.0	164.0	-247.0	-130.0	-379.0	-41.0	311.0	-164.0	-67.0	-51.0	160.0	-252.0	-71.0	-117.0	40.0	-327.0	-41.0	-571.0	85.0	-406.0	97.0	514.0	-425.0	-630.0	-402.0	-207.0	286.0	14.0	-299.0	733.0	235.0	498.0	-258.0
0.0	458.0	-662.0	281.0	2902.0	-21.0	-296.0	149.0	423.0	214.0	-129.0	-365.0	-484.0	85.0	-93.0	-115.0	134.0	-461.0	384.0	-210.0	-469.0	52.0	-594.0	-100.0	612.0	-224.0	-399.0	-122.0	-191.0	-296.0	0.0	-130.0	-54.0	-303.0	-121.0	160.0	-325.0	-412.0	-101.0	-369.0	-239.0	-548.0	-34.0	-190.0	253.0	90.0	-329.0	-48.0	493.0	103.0	-157.0	-154.0	-258.0	-246.0	120.0	-89.0	-95.0	632.0	309.0	161.0	403.0	318.0	-278.0	-10.0	231.0	-41.0	550.0	163.0	215.0	326.0	-553.0	-471.0	-29.0	648.0	-116.0	6.0	135.0	191.0	-187.0	-58.0	220.0	-171.0	-427.0	97.0	255.0	97.0	537.0	516.0	148.0	52.0	318.0	-45.0	146.0	-243.0	-172.0	-189.0	205.0	265.0	352.0	-231.0
246.0	533.0	92.0	-50.0	-21.0	3349.0	531.0	95.0	-511.0	175.0	71.0	-37.0	253.0	-606.0	85.0	43.0	-638.0	81.0	-328.0	-78.0	-50.0	218.0	-79.0	-241.0	-155.0	-398.0	-247.0	367.0	24.0	34.0	-331.0	-313.0	-104.0	586.0	208.0	357.0	-716.0	96.0	102.0	-11.0	-255.0	-390.0	-36.0	-70.0	-650.0	-244.0	-140.0	618.0	-380.0	-64.0	409.0	262.0	505.0	-38.0	-603.0	180.0	55.0	638.0	-137.0	114.0	-1.0	298.0	141.0	144.0	-18.0	59.0	306.0	-328.0	412.0	-430.0	-67.0	610.0	-43.0	-89.0	69.0	97.0	-67.0	-284.0	-1037.0	420.0	402.0	-165.0	585.0	175.0	-112.0	141.0	257.0	-364.0	213.0	-149.0	96.0	42.0	475.0	-124.0	-183.0	397.0	154.0	305.0	-503.0	-212.0
-45.0	670.0	229.0	-275.0	-296.0	531.0	3460.0	344.0	150.0	-316.0	204.0	328.0	77.0	524.0	446.0	775.0	-137.0	-159.0	-800.0	-573.0	176.0	-676.0	139.0	-348.0	-233.0	254.0	-35.0	-132.0	471.0	-28.0	238.0	-93.0	399.0	274.0	-141.0	33.0	-351.0	312.0	-363.0	297.0	377.0	113.0	-159.0	-217.0	-47.0	-189.0	-155.0	225.0	-158.0	-514.0	-122.0	435.0	84.0	-602.0	137.0	-228.0	-17.0	15.0	532.0	-271.0	17.0	300.0	-423.0	-370.0	-1.0	59.0	-274.0	292.0	-109.0	-199.0	-698.0	304.0	-310.0	537.0	590.0	405.0	-453.0	366.0	-100.0	-300.0	379.0	566.0	244.0	183.0	265.0	-181.0	59.0	18.0	-267.0	140.0	329.0	-72.0	-300.0	256.0	104.0	-265.0	97.0	28.0	398.0	-154.0
-158.0	486.0	-66.0	-111.0	149.0	95.0	344.0	3353.0	308.0	13.0	-333.0	-58.0	-215.0	418.0	-828.0	-469.0	155.0	65.0	720.0	251.0	741.0	482.0	66.0	326.0	-18.0	-371.0	18.0	-198.0	166.0	-195.0	-173.0	-72.0	761.0	-575.0	895.0	-70.0	-355.0	-131.0	-130.0	534.0	-550.0	250.0	-86.0	-83.0	-59.0	8.0	-189.0	347.0	-193.0	413.0	-227.0	-246.0	-282.0	215.0	-157.0	-971.0	-199.0	-416.0	98.0	-239.0	-668.0	-93.0	226.0	-36.0	-63.0	-253.0	-384.0	-354.0	-27.0	402.0	233.0	-233.0	151.0	-48.0	354.0	-339.0	-162.0	-232.0	439.0	414.0	-122.0	-42.0	-121.0	-120.0	190.0	-170.0	-0.0	-371.0	-3.0	470.0	529.0	91.0	-21.0	322.0	-244.0	73.0	-323.0	424.0	-331.0	339.0
-221.0	490.0	480.0	-217.0	423.0	-511.0	150.0	308.0	3006.0	-231.0	-435.0	315.0	-513.0	65.0	331.0	151.0	351.0	27.0	86.0	101.0	344.0	335.0	416.0	262.0	252.0	-108.0	-475.0	-401.0	-171.0	-720.0	322.0	311.0	20.0	-542.0	164.0	256.0	90.0	-7.0	-185.0	455.0	178.0	128.0	-110.0	11.0	412.0	88.0	-440.0	-445.0	72.0	-166.0	-114.0	-212.0	111.0	102.0	727.0	-358.0	-688.0	187.0	117.0	323.0	365.0	311.0	66.0	-17.0	95.0	-46.0	235.0	-129.0	49.0	593.0	-139.0	-584.0	92.0	-92.0	158.0	351.0	408.0	369.0	108.0	287.0	-439.0	115.0	-604.0	167.0	209.0	414.0	299.0	-88.0	-434.0	339.0	-253.0	75.0	66.0	-172.0	-217.0	238.0	-189.0	69.0	75.0	131.0
-71.0	-483.0	-687.0	-624.0	214.0	175.0	-316.0	13.0	-231.0	3290.0	-191.0	-215.0	-200.0	-173.0	93.0	-148.0	424.0	683.0	225.0	-255.0	-4.0	104.0	-737.0	479.0	-653.0	-772.0	-209.0	-225.0	-304.0	154.0	-521.0	55.0	93.0	-246.0	-450.0	129.0	-206.0	77.0	428.0	476.0	-560.0	-283.0	-206.0	-66.0	-347.0	465.0	387.0	-37.0	-691.0	502.0	-15.0	594.0	-139.0	-104.0	343.0	57.0	121.0	96.0	916.0	-81.0	-80.0	367.0	252.0	180.0	-650.0	-7.0	223.0	300.0	-79.0	33.0	29.0	-217.0	290.0	-73.0	-292.0	-56.0	22.0	595.0	170.0	378.0	414.0	-400.0	281.0	347.0	-283.0	47.0	265.0	-424.0	-254.0	405.0	1085.0	469.0	-143.0	-208.0	70.0	275.0	-161.0	-271.0	-4.0	89.0
-20.0	139.0	111.0	-399.0	-129.0	71.0	204.0	-333.0	-435.0	-191.0	3494.0	-292.0	-58.0	-288.0	-124.0	490.0	-438.0	-579.0	-91.0	-488.0	-117.0	-384.0	-326.0	-601.0	12.0	-62.0	176.0	-131.0	-8.0	587.0	-44.0	578.0	-96.0	342.0	457.0	-164.0	186.0	-86.0	-606.0	212.0	17.0	287.0	-660.0	-99.0	-138.0	173.0	-557.0	22.0	545.0	130.0	247.0	-129.0	-212.0	740.0	-41.0	-18.0	-518.0	-205.0	-274.0	98.0	-502.0	346.0	-542.0	-519.0	466.0	114.0	167.0	646.0	-191.0	-403.0	-119.0	212.0	-505.0	315.0	155.0	145.0	84.0	599.0	169.0	-138.0	-421.0	223.0	-56.0	109.0	41.0	-512.0	-148.0	974.0	-380.0	339.0	-41.0	-526.0	-239.0	173.0	137.0	413.0	-201.0	-679.0	166.0	41.0
-45.0	457.0	-345.0	367.0	-365.0	-37.0	328.0	-58.0	315.0	-215.0	-292.0	3615.0	-34.0	-270.0	-185.0	85.0	-129.0	-417.0	-186.0	77.0	349.0	-143.0	133.0	-245.0	258.0	663.0	150.0	-245.0	31.0	-169.0	339.0	256.0	-60.0	30.0	-320.0	-600.0	220.0	100.0	218.0	363.0	370.0	465.0	-268.0	260.0	-108.0	-290.0	260.0	-137.0	225.0	-313.0	-5.0	-70.0	-201.0	176.0	-69.0	619.0	450.0	-39.0	-244.0	-518.0	-368.0	91.0	-254.0	-323.0	-99.0	-44.0	435.0	-188.0	-711.0	273.0	215.0	324.0	277.0	-328.0	-124.0	148.0	331.0	-507.0	-88.0	217.0	-835.0	-137.0	100.0	-891.0	719.0	-174.0	-220.0	-186.0	152.0	-533.0	-64.0	-674.0	-397.0	195.0	-573.0	-318.0	82.0	34.0	-497.0	227.0
134.0	-62.0	-61.0	443.0	-484.0	253.0	77.0	-215.0	-513.0	-200.0	-58.0	-34.0	3628.0	-17.0	-358.0	-363.0	35.0	207.0	-530.0	693.0	-534.0	-194.0	21.0	234.0	-153.0	260.0	269.0	-189.0	-735.0	293.0	-455.0	-260.0	-145.0	-276.0	-35.0	-20.0	455.0	437.0	29.0	-171.0	-169.0	142.0	-2.0	565.0	-87.0	726.0	276.0	111.0	-607.0	-162.0	-380.0	2.0	147.0	539.0	-638.0	199.0	140.0	-380.0	-233.0	-307.0	-205.0	156.0	-546.0	386.0	-121.0	71.0	166.0	-192.0	66.0	-238.0	386.0	-13.0	-39.0	284.0	613.0	-90.0	133.0	-332.0	-88.0	192.0	-40.0	213.0	747.0	-269.0	279.0	-100.0	-194.0	-153.0	-120.0	65.0	-195.0	-242.0	-98.0	-258.0	-73.0	-186.0	36.0	-427.0	-391.0	191.0
-249.0	11.0	226.0	324.0	85.0	-606.0	524.0	418.0	65.0	-173.0	-288.0	-270.0	-17.0	3612.0	-555.0	496.0	-289.0	-391.0	767.0	-784.0	104.0	337.0	80.0	172.0	-421.0	-69.0	-265.0	-87.0	67.0	90.0	-104.0	475.0	19.0	206.0	3.0	-178.0	-132.0	720.0	507.0	226.0	-212.0	417.0	447.0	-128.0	214.0	78.0	282.0	272.0	26.0	26.0	-477.0	-283.0	818.0	-619.0	907.0	-45.0	367.0	53.0	559.0	-370.0	103.0	-6.0	612.0	243.0	-594.0	-100.0	-359.0	305.0	-211.0	670.0	-670.0	106.0	-254.0	153.0	359.0	-381.0	-246.0	103.0	512.0	76.0	297.0	579.0	-119.0	-157.0	394.0	52.0	-316.0	4.0	-161.0	-570.0	194.0	-195.0	-3.0	150.0	-192.0	-627.0	-72.0	569.0	124.0	-127.0
13.0	-301.0	520.0	-158.0	-93.0	85.0	446.0	-828.0	331.0	93.0	-124.0	-185.0	-358.0	-555.0	2898.0	448.0	232.0	-247.0	-274.0	-112.0	79.0	-242.0	-38.0	-163.0	223.0	-96.0	-56.0	375.0	-337.0	-92.0	357.0	-176.0	241.0	-721.0	-378.0	704.0	-178.0	147.0	-368.0	-103.0	21.0	47.0	99.0	428.0	-114.0	-58.0	287.0	-397.0	87.0	312.0	-88.0	18.0	138.0	237.0	-109.0	-284.0	-40.0	-22.0	-28.0	290.0	97.0	-6.0	-134.0	-165.0	208.0	-351.0	474.0	33.0	426.0	327.0	-274.0	-157.0	294.0	-215.0	-261.0	46.0	89.0	38.0	-819.0	-92.0	343.0	-36.0	264.0	502.0	-199.0	586.0	-262.0	-443.0	-202.0	127.0	71.0	45.0	-48.0	329.0	218.0	193.0	128.0	62.0	405.0	159.0
-14.0	-115.0	-53.0	-906.0	-115.0	43.0	775.0	-469.0	151.0	-148.0	490.0	85.0	-363.0	496.0	448.0	3542.0	-762.0	-92.0	-54.0	-680.0	-524.0	-79.0	-32.0	-176.0	-525.0	-54.0	-61.0	398.0	-126.0	173.0	248.0	-98.0	166.0	-184.0	-471.0	140.0	30.0	31.0	-174.0	414.0	23.0	545.0	-105.0	-8.0	-390.0	239.0	-429.0	-523.0	329.0	-647.0	-292.0	374.0	113.0	-664.0	-353.0	-374.0	392.0	468.0	264.0	-91.0	-123.0	218.0	-218.0	-285.0	-301.0	178.0	21.0	542.0	307.0	460.0	-412.0	692.0	123.0	257.0	183.0	219.0	54.0	699.0	-660.0	-282.0	376.0	432.0	-38.0	-166.0	739.0	-321.0	-124.0	194.0	-377.0	-253.0	396.0	115.0	62.0	-99.0	-76.0	-591.0	-425.0	-18.0	307.0	92.0
-270.0	-218.0	552.0	-114.0	134.0	-638.0	-137.0	155.0	351.0	424.0	-438.0	-129.0	35.0	-289.0	232.0	-762.0	2846.0	69.0	-310.0	196.0	136.0	-482.0	440.0	339.0	112.0	-429.0	241.0	146.0	308.0	-85.0	219.0	116.0	116.0	-544.0	-288.0	-7.0	275.0	171.0	208.0	-136.0	12.0	-876.0	231.0	736.0	442.0	-80.0	-4.0	183.0	298.0	76.0	-309.0	-179.0	-686.0	-105.0	747.0	321.0	-321.0	-194.0	-11.0	-212.0	506.0	-60.0	-485.0	223.0	-400.0	-339.0	-131.0	-417.0	217.0	409.0	-483.0	-370.0	224.0	-432.0	-38.0	400.0	-307.0	-260.0	712.0	89.0	-234.0	202.0	-117.0	-106.0	-629.0	251.0	608.0	-221.0	472.0	444.0	-88.0	164.0	-188.0	21.0	-42.0	-120.0	173.0	-388.0	-112.0	424.0
53.0	-728.0	-119.0	-423.0	-461.0	81.0	-159.0	65.0	27.0	683.0	-579.0	-417.0	207.0	-391.0	-247.0	-92.0	69.0	3462.0	-267.0	-278.0	261.0	279.0	-285.0	74.0	-622.0	-4.0	31.0	-601.0	453.0	-22.0	-136.0	-512.0	-104.0	-95.0	-311.0	-132.0	397.0	-214.0	397.0	177.0	352.0	-130.0	573.0	-370.0	239.0	-77.0	329.0	-338.0	-444.0	141.0	181.0	194.0	-86.0	213.0	435.0	474.0	-68.0	-496.0	-232.0	-112.0	-52.0	322.0	534.0	-158.0	-783.0	253.0	-293.0	31.0	309.0	-178.0	988.0	-160.0	98.0	-342.0	78.0	-567.0	84.0	95.0	-30.0	62.0	109.0	-447.0	99.0	-442.0	98.0	15.0	329.0	41.0	-319.0	271.0	39.0	139.0	282.0	-540.0	344.0	-162.0	-392.0	-532.0	447.0	408.0
-14.0	400.0	-753.0	123.0	384.0	-328.0	-800.0	720.0	86.0	225.0	-91.0	-186.0	-530.0	767.0	-274.0	-54.0	-310.0	-267.0	3819.0	-232.0	-190.0	73.0	-80.0	166.0	182.0	-735.0	-234.0	363.0	155.0	87.0	-377.0	226.0	-332.0	-241.0	-413.0	140.0	99.0	-33.0	297.0	700.0	396.0	401.0	-258.0	-157.0	114.0	-250.0	-404.0	66.0	175.0	315.0	296.0	-253.0	528.0	-27.0	-258.0	99.0	372.0	7.0	-74.0	69.0	-234.0	15.0	10.0	-253.0	482.0	97.0	593.0	-191.0	99.0	57.0	139.0	-224.0	141.0	-164.0	131.0	-105.0	31.0	230.0	249.0	383.0	98.0	-459.0	-339.0	14.0	-161.0	170.0	229.0	148.0	127.0	544.0	463.0	-49.0	-91.0	50.0	318.0	366.0	132.0	660.0	4.0	349.0
354.0	532.0	3.0	492.0	-210.0	-78.0	-573.0	251.0	101.0	-255.0	-488.0	77.0	693.0	-784.0	-112.0	-680.0	196.0	-278.0	-232.0	3358.0	-264.0	266.0	295.0	723.0	320.0	295.0	164.0	172.0	-6.0	275.0	64.0	232.0	102.0	-418.0	222.0	42.0	217.0	-223.0	25.0	-706.0	384.0	127.0	137.0	469.0	316.0	338.0	264.0	116.0	-201.0	414.0	138.0	178.0	-450.0	561.0	-681.0	543.0	-151.0	-147.0	-4.0	-238.0	458.0	-420.0	-614.0	239.0	-15.0	-379.0	465.0	-290.0	504.0	-99.0	-34.0	-680.0	-298.0	-199.0	-668.0	188.0	547.0	-820.0	139.0	900.0	-395.0	-518.0	55.0	-59.0	-50.0	-103.0	134.0	-556.0	134.0	-250.0	7.0	-274.0	-382.0	469.0	108.0	148.0	359.0	-335.0	-289.0	229.0
-317.0	436.0	286.0	-64.0	-469.0	-50.0	176.0	741.0	344.0	-4.0	-117.0	349.0	-534.0	104.0	79.0	-524.0	136.0	261.0	-190.0	-264.0	3477.0	594.0	534.0	33.0	-265.0	400.0	-243.0	-200.0	57.0	-280.0	242.0	587.0	449.0	-481.0	160.0	177.0	-231.0	16.0	-125.0	-92.0	-451.0	419.0	8.0	-311.0	-59.0	-105.0	230.0	-333.0	244.0	-57.0	27.0	-254.0	-554.0	267.0	372.0	-143.0	-247.0	-561.0	127.0	9.0	-591.0	289.0	216.0	126.0	-74.0	-532.0	-529.0	19.0	-66.0	-20.0	-286.0	369.0	-360.0	-867.0	110.0	171.0	102.0	438.0	252.0	321.0	-71.0	162.0	-164.0	-231.0	-8.0	53.0	-279.0	107.0	71.0	529.0	-245.0	-182.0	174.0	463.0	-32.0	153.0	-209.0	-14.0	343.0	-62.0
-659.0	706.0	-817.0	-438.0	52.0	218.0	-676.0	482.0	335.0	104.0	-384.0	-143.0	-194.0	337.0	-242.0	-79.0	-482.0	279.0	73.0	266.0	594.0	3263.0	-47.0	-180.0	-275.0	-222.0	-480.0	128.0	101.0	-405.0	278.0	-103.0	379.0	273.0	761.0	339.0	-225.0	713.0	52.0	-678.0	-562.0	481.0	57.0	-395.0	-357.0	352.0	-478.0	188.0	-344.0	174.0	-49.0	217.0	-278.0	284.0	322.0	-143.0	497.0	231.0	118.0	854.0	553.0	194.0	373.0	190.0	90.0	-249.0	-56.0	-91.0	186.0	-58.0	28.0	142.0	-351.0	-173.0	-106.0	-45.0	190.0	-609.0	-23.0	686.0	-189.0	124.0	-98.0	-34.0	263.0	550.0	-18.0	559.0	272.0	103.0	-639.0	212.0	-58.0	-139.0	13.0	66.0	-208.0	328.0	171.0	189.0
-508.0	164.0	538.0	-515.0	-594.0	-79.0	139.0	66.0	416.0	-737.0	-326.0	133.0	21.0	80.0	-38.0	-32.0	440.0	-285.0	-80.0	295.0	534.0	-47.0	3432.0	378.0	-683.0	455.0	-212.0	-648.0	561.0	-257.0	221.0	420.0	161.0	19.0	13.0	181.0	-14.0	482.0	-498.0	-27.0	235.0	105.0	-210.0	143.0	-210.0	439.0	184.0	435.0	-220.0	-133.0	331.0	-261.0	-508.0	-197.0	-65.0	325.0	-484.0	-259.0	144.0	-138.0	82.0	-232.0	-174.0	57.0	370.0	-257.0	-791.0	-532.0	680.0	535.0	-293.0	848.0	-325.0	-369.0	663.0	-297.0	-133.0	-488.0	355.0	475.0	486.0	593.0	-80.0	-85.0	20.0	-415.0	270.0	-229.0	-378.0	-250.0	70.0	401.0	-85.0	-6.0	-35.0	-214.0	228.0	-71.0	-243.0	518.0
468.0	-254.0	-104.0	-191.0	-100.0	-241.0	-348.0	326.0	262.0	479.0	-601.0	-245.0	234.0	172.0	-163.0	-176.0	339.0	74.0	166.0	723.0	33.0	-180.0	378.0	3877.0	41.0	-332.0	307.0	-333.0	241.0	106.0	-199.0	-224.0	-386.0	-296.0	126.0	606.0	843.0	503.0	-41.0	309.0	-304.0	24.0	118.0	-166.0	-89.0	535.0	626.0	-106.0	-158.0	354.0	40.0	113.0	-71.0	-224.0	331.0	463.0	8.0	169.0	592.0	-296.0	203.0	290.0	-557.0	-102.0	424.0	92.0	45.0	-14.0	483.0	-96.0	-125.0	-199.0	381.0	289.0	232.0	69.0	-20.0	-287.0	330.0	439.0	-351.0	-332.0	158.0	-152.0	-552.0	-74.0	-9.0	-632.0	84.0	156.0	115.0	735.0	-193.0	226.0	-616.0	-188.0	185.0	-365.0	182.0	502.0
617.0	16.0	-355.0	309.0	612.0	-155.0	-233.0	-18.0	252.0	-653.0	12.0	258.0	-153.0	-421.0	223.0	-525.0	112.0	-622.0	182.0	320.0	-265.0	-275.0	-683.0	41.0	2980.0	197.0	225.0	218.0	251.0	32.0	29.0	79.0	-723.0	-126.0	-5.0	19.0	-353.0	-242.0	-280.0	13.0	333.0	-187.0	-240.0	-202.0	415.0	-623.0	-275.0	-74.0	247.0	-8.0	97.0	-593.0	102.0	57.0	219.0	83.0	29.0	240.0	-123.0	142.0	348.0	181.0	-422.0	-380.0	245.0	-320.0	789.0	259.0	-351.0	92.0	352.0	-503.0	360.0	-294.0	-532.0	222.0	62.0	53.0	-208.0	-485.0	-376.0	-215.0	-554.0	-276.0	-217.0	34.0	-19.0	-233.0	399.0	299.0	37.0	-129.0	468.0	351.0	53.0	245.0	408.0	340.0	-74.0	-169.0
-86.0	154.0	281.0	393.0	-224.0	-398.0	254.0	-371.0	-108.0	-772.0	-62.0	663.0	260.0	-69.0	-96.0	-54.0	-429.0	-4.0	-735.0	295.0	400.0	-222.0	455.0	-332.0	197.0	3426.0	330.0	-409.0	120.0	132.0	-198.0	328.0	491.0	84.0	414.0	-770.0	193.0	-319.0	416.0	-345.0	-208.0	174.0	-66.0	-69.0	37.0	-627.0	353.0	-412.0	36.0	-292.0	55.0	-237.0	328.0	102.0	398.0	278.0	-328.0	-373.0	210.0	-67.0	-137.0	191.0	-86.0	-339.0	-285.0	535.0	-121.0	-233.0	435.0	197.0	475.0	275.0	-313.0	-361.0	-576.0	463.0	484.0	-206.0	232.0	-427.0	-117.0	-434.0	103.0	-789.0	32.0	-19.0	-537.0	-120.0	-386.0	-167.0	-386.0	-996.0	-134.0	313.0	-36.0	-352.0	528.0	-526.0	-859.0	-284.0
464.0	-615.0	419.0	-163.0	-399.0	-247.0	-35.0	18.0	-475.0	-209.0	176.0	150.0	269.0	-265.0	-56.0	-61.0	241.0	31.0	-234.0	164.0	-243.0	-480.0	-212.0	307.0	225.0	330.0	3057.0	-91.0	-364.0	628.0	212.0	-776.0	-171.0	-374.0	536.0	26.0	320.0	-267.0	210.0	66.0	-13.0	352.0	-10.0	276.0	-44.0	193.0	232.0	-327.0	-527.0	130.0	-87.0	392.0	-9.0	33.0	378.0	672.0	2.0	-218.0	3.0	54.0	-22.0	-401.0	-342.0	-236.0	-279.0	-109.0	455.0	146.0	114.0	-187.0	-51.0	-163.0	-480.0	-6.0	-432.0	238.0	216.0	-217.0	-37.0	-181.0	-842.0	-342.0	63.0	-208.0	-575.0	-224.0	148.0	-118.0	-183.0	228.0	97.0	-162.0	-114.0	126.0	-499.0	69.0	-330.0	-25.0	231.0	18.0
-176.0	-412.0	-136.0	-89.0	-122.0	367.0	-132.0	-198.0	-401.0	-225.0	-131.0	-245.0	-189.0	-87.0	375.0	398.0	146.0	-601.0	363.0	172.0	-200.0	128.0	-648.0	-333.0	218.0	-409.0	-91.0	3267.0	-319.0	84.0	77.0	333.0	199.0	-489.0	-205.0	152.0	-139.0	37.0	-623.0	-590.0	-102.0	298.0	-280.0	251.0	-205.0	-29.0	-208.0	266.0	-73.0	-203.0	236.0	238.0	-500.0	-75.0	48.0	-723.0	-9.0	-91.0	-368.0	364.0	250.0	163.0	-136.0	-119.0	-517.0	-262.0	26.0	-451.0	196.0	92.0	-250.0	-29.0	29.0	78.0	-764.0	944.0	32.0	-57.0	-253.0	-201.0	311.0	151.0	519.0	-262.0	-692.0	339.0	-241.0	81.0	309.0	-445.0	362.0	-44.0	340.0	93.0	-58.0	-35.0	31.0	296.0	89.0	-403.0
359.0	489.0	93.0	-603.0	-191.0	24.0	471.0	166.0	-171.0	-304.0	-8.0	31.0	-735.0	67.0	-337.0	-126.0	308.0	453.0	155.0	-6.0	57.0	101.0	561.0	241.0	251.0	120.0	-364.0	-319.0	3802.0	71.0	-189.0	421.0	63.0	457.0	-333.0	66.0	309.0	-203.0	-328.0	680.0	736.0	58.0	-420.0	-337.0	411.0	-111.0	209.0	-672.0	-59.0	-452.0	-521.0	-147.0	-205.0	258.0	13.0	584.0	-233.0	460.0	111.0	498.0	433.0	-66.0	217.0	-168.0	293.0	-357.0	49.0	-55.0	254.0	-677.0	-45.0	325.0	-685.0	251.0	457.0	129.0	119.0	-392.0	880.0	-65.0	220.0	-209.0	-204.0	91.0	-453.0	32.0	363.0	-32.0	408.0	-134.0	-415.0	-399.0	34.0	77.0	639.0	919.0	-312.0	-524.0	-165.0	858.0
71.0	13.0	251.0	-181.0	-296.0	34.0	-28.0	-195.0	-720.0	154.0	587.0	-169.0	293.0	90.0	-92.0	173.0	-85.0	-22.0	87.0	275.0	-280.0	-405.0	-257.0	106.0	32.0	132.0	628.0	84.0	71.0	3038.0	-560.0	28.0	147.0	206.0	-555.0	190.0	129.0	-466.0	107.0	-136.0	242.0	273.0	447.0	-2.0	-201.0	-106.0	605.0	462.0	17.0	-221.0	-188.0	-713.0	158.0	-243.0	-254.0	-222.0	348.0	-113.0	-38.0	658.0	163.0	199.0	96.0	158.0	120.0	-26.0	258.0	358.0	66.0	-477.0	274.0	215.0	122.0	205.0	257.0	164.0	281.0	328.0	-300.0	10.0	218.0	-416.0	116.0	-149.0	-339.0	-246.0	-85.0	-497.0	70.0	10.0	96.0	-191.0	-151.0	688.0	-87.0	177.0	25.0	-429.0	56.0	76.0
-318.0	-232.0	-598.0	63.0	0.0	-331.0	238.0	-173.0	322.0	-521.0	-44.0	339.0	-455.0	-104.0	357.0	248.0	219.0	-136.0	-377.0	64.0	242.0	278.0	221.0	-199.0	29.0	-198.0	212.0	77.0	-189.0	-560.0	3072.0	202.0	-294.0	-225.0	592.0	-296.0	242.0	-79.0	-239.0	-182.0	160.0	-353.0	-406.0	219.0	559.0	386.0	-164.0	-392.0	-296.0	-367.0	255.0	380.0	-209.0	180.0	-283.0	102.0	344.0	-352.0	40.0	-181.0	416.0	44.0	478.0	-163.0	293.0	-478.0	-142.0	259.0	-165.0	187.0	-145.0	-539.0	-414.0	-132.0	231.0	-113.0	39.0	-290.0	-229.0	-12.0	296.0	388.0	-168.0	426.0	92.0	-26.0	13.0	248.0	487.0	-202.0	-114.0	-250.0	-194.0	-105.0	-132.0	28.0	-449.0	240.0	348.0	116.0
25.0	515.0	-682.0	266.0	-130.0	-313.0	-93.0	-72.0	311.0	55.0	578.0	256.0	-260.0	475.0	-176.0	-98.0	116.0	-512.0	226.0	232.0	587.0	-103.0	420.0	-224.0	79.0	328.0	-776.0	333.0	421.0	28.0	202.0	3169.0	-98.0	141.0	-229.0	-302.0	-95.0	-362.0	212.0	-70.0	276.0	22.0	-548.0	198.0	-50.0	231.0	-324.0	262.0	-107.0	-253.0	-118.0	431.0	-173.0	278.0	352.0	-232.0	-492.0	-445.0	-179.0	-231.0	51.0	867.0	445.0	-227.0	16.0	120.0	-44.0	-144.0	-122.0	357.0	-169.0	-370.0	-227.0	-76.0	-23.0	813.0	38.0	-57.0	383.0	-398.0	593.0	59.0	-36.0	23.0	-520.0	-120.0	133.0	-172.0	-68.0	-111.0	179.0	-484.0	-217.0	207.0	209.0	-87.0	81.0	-63.0	-983.0	160.0
-652.0	146.0	355.0	-250.0	-54.0	-104.0	399.0	761.0	20.0	93.0	-96.0	-60.0	-145.0	19.0	241.0	166.0	116.0	-104.0	-332.0	102.0	449.0	379.0	161.0	-386.0	-723.0	491.0	-171.0	199.0	63.0	147.0	-294.0	-98.0	3938.0	311.0	110.0	262.0	-34.0	-263.0	-110.0	-54.0	124.0	-410.0	-319.0	765.0	-17.0	69.0	422.0	574.0	-44.0	36.0	-546.0	267.0	-178.0	-481.0	311.0	-502.0	-286.0	-55.0	334.0	228.0	-18.0	329.0	381.0	366.0	-434.0	-738.0	-120.0	-267.0	-151.0	385.0	183.0	34.0	-112.0	23.0	128.0	613.0	-65.0	-337.0	17.0	-54.0	129.0	112.0	159.0	674.0	331.0	712.0	-179.0	327.0	-394.0	-92.0	51.0	-90.0	-157.0	107.0	-314.0	173.0	13.0	-30.0	-143.0	-406.0
580.0	314.0	-393.0	167.0	-303.0	586.0	274.0	-575.0	-542.0	-246.0	342.0	30.0	-276.0	206.0	-721.0	-184.0	-544.0	-95.0	-241.0	-418.0	-481.0	273.0	19.0	-296.0	-126.0	84.0	-374.0	-489.0	457.0	206.0	-225.0	141.0	311.0	3244.0	341.0	328.0	298.0	-195.0	-193.0	-271.0	258.0	-437.0	-318.0	-9.0	40.0	-424.0	-367.0	373.0	-256.0	-259.0	151.0	256.0	195.0	-437.0	394.0	-433.0	391.0	680.0	71.0	278.0	155.0	379.0	407.0	-143.0	236.0	419.0	-38.0	319.0	-245.0	-473.0	193.0	516.0	-477.0	332.0	81.0	172.0	-183.0	-206.0	-223.0	-299.0	485.0	376.0	-453.0	593.0	239.0	317.0	292.0	475.0	137.0	136.0	53.0	-21.0	-144.0	156.0	-40.0	-142.0	277.0	-67.0	-140.0	-94.0
-427.0	72.0	-50.0	-78.0	-121.0	208.0	-141.0	895.0	164.0	-450.0	457.0	-320.0	-35.0	3.0	-378.0	-471.0	-288.0	-311.0	-413.0	222.0	160.0	761.0	13.0	126.0	-5.0	414.0	536.0	-205.0	-333.0	-555.0	592.0	-229.0	110.0	341.0	3182.0	463.0	-65.0	96.0	-305.0	-675.0	-345.0	-289.0	-403.0	-44.0	287.0	369.0	-141.0	-29.0	-479.0	178.0	406.0	-161.0	-127.0	366.0	496.0	-269.0	-366.0	-200.0	285.0	-107.0	229.0	-634.0	143.0	-147.0	440.0	-358.0	-350.0	-380.0	334.0	194.0	275.0	-293.0	-359.0	-117.0	-264.0	10.0	118.0	-480.0	454.0	95.0	-211.0	513.0	-94.0	670.0	-105.0	478.0	16.0	429.0	453.0	-165.0	-377.0	76.0	-72.0	117.0	-354.0	-135.0	-46.0	270.0	-47.0	-184.0
-334.0	300.0	-374.0	-371.0	160.0	357.0	33.0	-70.0	256.0	129.0	-164.0	-600.0	-20.0	-178.0	704.0	140.0	-7.0	-132.0	140.0	42.0	177.0	339.0	181.0	606.0	19.0	-770.0	26.0	152.0	66.0	190.0	-296.0	-302.0	262.0	328.0	463.0	3585.0	196.0	-23.0	-468.0	-850.0	-186.0	-167.0	-175.0	278.0	-73.0	412.0	-93.0	408.0	-414.0	-83.0	-233.0	150.0	-464.0	115.0	310.0	-293.0	258.0	457.0	260.0	274.0	-138.0	278.0	29.0	458.0	663.0	-505.0	621.0	124.0	73.0	822.0	-636.0	-250.0	-20.0	131.0	-58.0	122.0	-624.0	-39.0	-733.0	557.0	270.0	166.0	118.0	918.0	-528.0	293.0	-49.0	2.0	-15.0	594.0	243.0	76.0	-132.0	-383.0	340.0	222.0	538.0	621.0	425.0	113.0
141.0	-248.0	50.0	-391.0	-325.0	-716.0	-351.0	-355.0	90.0	-206.0	186.0	220.0	455.0	-132.0	-178.0	30.0	275.0	397.0	99.0	217.0	-231.0	-225.0	-14.0	843.0	-353.0	193.0	320.0	-139.0	309.0	129.0	242.0	-95.0	-34.0	298.0	-65.0	196.0	3228.0	204.0	-199.0	123.0	455.0	-4.0	-291.0	383.0	464.0	338.0	-307.0	-670.0	-247.0	554.0	-90.0	245.0	-89.0	174.0	64.0	296.0	-69.0	-660.0	-168.0	-149.0	-62.0	-282.0	-311.0	135.0	222.0	379.0	-299.0	-0.0	-127.0	55.0	18.0	535.0	301.0	-200.0	402.0	-0.0	584.0	-420.0	-158.0	566.0	-670.0	83.0	36.0	130.0	-9.0	198.0	-35.0	234.0	-354.0	-365.0	-64.0	-715.0	-195.0	-327.0	-634.0	-130.0	118.0	-483.0	-317.0	508.0
-527.0	21.0	111.0	-181.0	-412.0	96.0	312.0	-131.0	-7.0	77.0	-86.0	100.0	437.0	720.0	147.0	31.0	171.0	-214.0	-33.0	-223.0	16.0	713.0	482.0	503.0	-242.0	-319.0	-267.0	37.0	-203.0	-466.0	-79.0	-362.0	-263.0	-195.0	96.0	-23.0	204.0	3166.0	130.0	90.0	-1.0	71.0	534.0	-122.0	-390.0	340.0	-510.0	68.0	-362.0	-5.0	81.0	-155.0	237.0	510.0	378.0	311.0	314.0	3.0	340.0	-297.0	221.0	-8.0	-208.0	-643.0	-293.0	140.0	-278.0	-8.0	-48.0	-437.0	-243.0	10.0	-50.0	-294.0	-139.0	-227.0	-457.0	-279.0	376.0	242.0	91.0	804.0	275.0	-78.0	452.0	442.0	-525.0	411.0	-298.0	64.0	-443.0	403.0	89.0	126.0	-450.0	-281.0	-82.0	-262.0	157.0	-57.0
152.0	-36.0	423.0	291.0	-101.0	102.0	-363.0	-130.0	-185.0	428.0	-606.0	218.0	29.0	507.0	-368.0	-174.0	208.0	397.0	297.0	25.0	-125.0	52.0	-498.0	-41.0	-280.0	416.0	210.0	-623.0	-328.0	107.0	-239.0	212.0	-110.0	-193.0	-305.0	-468.0	-199.0	130.0	3425.0	-251.0	107.0	-512.0	781.0	444.0	713.0	-87.0	262.0	-131.0	-591.0	445.0	-87.0	-83.0	858.0	328.0	290.0	383.0	245.0	266.0	-217.0	-170.0	-48.0	208.0	205.0	304.0	-924.0	465.0	-103.0	316.0	68.0	14.0	172.0	-415.0	-72.0	-452.0	-477.0	334.0	116.0	-96.0	6.0	-29.0	318.0	-571.0	-128.0	-34.0	148.0	-462.0	-251.0	-20.0	244.0	-20.0	-2.0	-130.0	248.0	33.0	-205.0	-295.0	-71.0	104.0	-560.0	-24.0
-205.0	421.0	401.0	-353.0	-369.0	-11.0	297.0	534.0	455.0	476.0	212.0	363.0	-171.0	226.0	-103.0	414.0	-136.0	177.0	700.0	-706.0	-92.0	-678.0	-27.0	309.0	13.0	-345.0	66.0	-590.0	680.0	-136.0	-182.0	-70.0	-54.0	-271.0	-675.0	-850.0	123.0	90.0	-251.0	3812.0	423.0	51.0	-171.0	-360.0	-198.0	-331.0	333.0	-149.0	193.0	61.0	-100.0	-465.0	301.0	-345.0	-279.0	160.0	-173.0	-276.0	100.0	-321.0	-569.0	376.0	391.0	-571.0	492.0	737.0	-30.0	376.0	-45.0	-40.0	-236.0	145.0	687.0	106.0	425.0	-300.0	-138.0	886.0	299.0	-118.0	-277.0	172.0	-261.0	455.0	172.0	-541.0	482.0	-688.0	88.0	-84.0	308.0	45.0	-260.0	-681.0	-487.0	946.0	-712.0	40.0	-675.0	634.0
421.0	56.0	414.0	-550.0	-239.0	-255.0	377.0	-550.0	178.0	-560.0	17.0	370.0	-169.0	-212.0	21.0	23.0	12.0	352.0	396.0	384.0	-451.0	-562.0	235.0	-304.0	333.0	-208.0	-13.0	-102.0	736.0	242.0	160.0	276.0	124.0	258.0	-345.0	-186.0	455.0	-1.0	107.0	423.0	3087.0	-153.0	-175.0	-57.0	405.0	53.0	-26.0	-150.0	-125.0	-114.0	123.0	-131.0	23.0	215.0	-113.0	811.0	-300.0	-358.0	-321.0	60.0	204.0	-435.0	-323.0	-633.0	139.0	169.0	177.0	287.0	-211.0	-250.0	141.0	96.0	93.0	-426.0	189.0	308.0	-329.0	-689.0	355.0	-686.0	-158.0	31.0	-637.0	123.0	-190.0	-46.0	38.0	-87.0	6.0	-2.0	-448.0	-201.0	-215.0	190.0	-19.0	98.0	-25.0	76.0	32.0	-54.0
686.0	-54.0	-154.0	-56.0	-548.0	-390.0	113.0	250.0	128.0	-283.0	287.0	465.0	142.0	417.0	47.0	545.0	-876.0	-130.0	401.0	127.0	419.0	481.0	105.0	24.0	-187.0	174.0	352.0	298.0	58.0	273.0	-353.0	22.0	-410.0	-437.0	-289.0	-167.0	-4.0	71.0	-512.0	51.0	-153.0	3275.0	-439.0	-333.0	-782.0	521.0	-228.0	-284.0	-124.0	-260.0	60.0	-345.0	227.0	235.0	-422.0	354.0	203.0	31.0	68.0	392.0	-415.0	-60.0	178.0	174.0	226.0	305.0	-4.0	-141.0	-205.0	42.0	299.0	15.0	-151.0	120.0	-281.0	452.0	168.0	180.0	-153.0	203.0	-608.0	70.0	-146.0	-591.0	-113.0	-325.0	-321.0	163.0	-558.0	-212.0	268.0	-178.0	483.0	-60.0	319.0	151.0	-443.0	91.0	28.0	-81.0
84.0	-158.0	560.0	-109.0	-34.0	-36.0	-159.0	-86.0	-110.0	-206.0	-660.0	-268.0	-2.0	447.0	99.0	-105.0	231.0	573.0	-258.0	137.0	8.0	57.0	-210.0	118.0	-240.0	-66.0	-10.0	-280.0	-420.0	447.0	-406.0	-548.0	-319.0	-318.0	-403.0	-175.0	-291.0	534.0	781.0	-171.0	-175.0	-439.0	2912.0	-222.0	-228.0	-980.0	258.0	65.0	585.0	-180.0	-631.0	-443.0	296.0	446.0	274.0	170.0	272.0	-226.0	-280.0	194.0	373.0	-714.0	117.0	281.0	-555.0	147.0	-261.0	211.0	-119.0	-77.0	-141.0	-189.0	167.0	-423.0	-187.0	-295.0	-226.0	-257.0	98.0	344.0	-352.0	396.0	406.0	-404.0	535.0	-94.0	355.0	-175.0	509.0	381.0	-441.0	236.0	355.0	277.0	394.0	-549.0	100.0	279.0	379.0	-68.0
400.0	19.0	398.0	103.0	-190.0	-70.0	-217.0	-83.0	11.0	-66.0	-99.0	260.0	565.0	-128.0	428.0	-8.0	736.0	-370.0	-157.0	469.0	-311.0	-395.0	143.0	-166.0	-202.0	-69.0	276.0	251.0	-337.0	-2.0	219.0	198.0	765.0	-9.0	-44.0	278.0	383.0	-122.0	444.0	-360.0	-57.0	-333.0	-222.0	3391.0	-105.0	10.0	222.0	-82.0	-841.0	159.0	124.0	-98.0	3.0	332.0	-109.0	242.0	-201.0	-233.0	-169.0	114.0	175.0	-29.0	-179.0	776.0	-423.0	-373.0	-25.0	-183.0	256.0	356.0	112.0	-283.0	674.0	-268.0	108.0	378.0	723.0	-172.0	-408.0	180.0	538.0	352.0	-195.0	52.0	792.0	777.0	-321.0	144.0	119.0	217.0	138.0	-433.0	-129.0	-125.0	-56.0	-213.0	-265.0	-149.0	125.0	-530.0
-122.0	-66.0	785.0	-5.0	253.0	-650.0	-47.0	-59.0	412.0	-347.0	-138.0	-108.0	-87.0	214.0	-114.0	-390.0	442.0	239.0	114.0	316.0	-59.0	-357.0	-210.0	-89.0	415.0	37.0	-44.0	-205.0	411.0	-201.0	559.0	-50.0	-17.0	40.0	287.0	-73.0	464.0	-390.0	713.0	-198.0	405.0	-782.0	-228.0	-105.0	3657.0	229.0	253.0	22.0	-179.0	-249.0	-319.0	-168.0	-306.0	-134.0	528.0	396.0	-502.0	-259.0	-7.0	-168.0	225.0	81.0	-166.0	153.0	-299.0	-808.0	-166.0	-223.0	-132.0	-148.0	80.0	-144.0	-330.0	264.0	-95.0	-45.0	158.0	-110.0	69.0	80.0	367.0	-800.0	-409.0	671.0	91.0	-436.0	491.0	-321.0	-83.0	279.0	93.0	-180.0	36.0	6.0	-222.0	-225.0	301.0	-632.0	-125.0	253.0
-259.0	137.0	-247.0	96.0	90.0	-244.0	-189.0	8.0	88.0	465.0	173.0	-290.0	726.0	78.0	-58.0	239.0	-80.0	-77.0	-250.0	338.0	-105.0	352.0	439.0	535.0	-623.0	-627.0	193.0	-29.0	-111.0	-106.0	386.0	231.0	69.0	-424.0	369.0	412.0	338.0	340.0	-87.0	-331.0	53.0	521.0	-980.0	10.0	229.0	3389.0	447.0	-187.0	-542.0	293.0	-33.0	561.0	-98.0	16.0	-300.0	147.0	-128.0	495.0	271.0	-58.0	-361.0	-221.0	355.0	107.0	-197.0	-266.0	-411.0	74.0	102.0	121.0	-290.0	-274.0	-257.0	698.0	211.0	194.0	-30.0	-132.0	-87.0	306.0	215.0	295.0	-56.0	258.0	-267.0	135.0	-226.0	300.0	-221.0	38.0	569.0	-14.0	-11.0	-147.0	-300.0	407.0	66.0	-696.0	74.0	-151.0
-304.0	-238.0	711.0	168.0	-329.0	-140.0	-155.0	-189.0	-440.0	387.0	-557.0	260.0	276.0	282.0	287.0	-429.0	-4.0	329.0	-404.0	264.0	230.0	-478.0	184.0	626.0	-275.0	353.0	232.0	-208.0	209.0	605.0	-164.0	-324.0	422.0	-367.0	-141.0	-93.0	-307.0	-510.0	262.0	333.0	-26.0	-228.0	258.0	222.0	253.0	447.0	3359.0	-75.0	-5.0	151.0	-176.0	-392.0	468.0	3.0	149.0	404.0	48.0	190.0	368.0	-77.0	-480.0	192.0	515.0	-95.0	-224.0	-707.0	369.0	175.0	-242.0	-277.0	-129.0	194.0	143.0	119.0	75.0	-185.0	492.0	34.0	186.0	366.0	-102.0	-868.0	-215.0	-436.0	487.0	68.0	230.0	-815.0	738.0	-661.0	261.0	-279.0	-279.0	270.0	-448.0	237.0	62.0	-703.0	-315.0	-9.0
-682.0	128.0	132.0	-316.0	-48.0	618.0	225.0	347.0	-445.0	-37.0	22.0	-137.0	111.0	272.0	-397.0	-523.0	183.0	-338.0	66.0	116.0	-333.0	188.0	435.0	-106.0	-74.0	-412.0	-327.0	266.0	-672.0	462.0	-392.0	262.0	574.0	373.0	-29.0	408.0	-670.0	68.0	-131.0	-149.0	-150.0	-284.0	65.0	-82.0	22.0	-187.0	-75.0	3040.0	93.0	97.0	294.0	597.0	-98.0	-629.0	-200.0	24.0	570.0	-145.0	-366.0	-102.0	298.0	581.0	-143.0	340.0	2.0	-400.0	-90.0	-167.0	312.0	459.0	-54.0	-201.0	265.0	-180.0	4.0	-151.0	-311.0	-222.0	-139.0	232.0	369.0	7.0	-58.0	80.0	-26.0	186.0	596.0	-575.0	2.0	-185.0	481.0	117.0	-134.0	-163.0	281.0	-261.0	382.0	660.0	-742.0	-47.0
-151.0	124.0	325.0	214.0	493.0	-380.0	-158.0	-193.0	72.0	-691.0	545.0	225.0	-607.0	26.0	87.0	329.0	298.0	-444.0	175.0	-201.0	244.0	-344.0	-220.0	-158.0	247.0	36.0	-527.0	-73.0	-59.0	17.0	-296.0	-107.0	-44.0	-256.0	-479.0	-414.0	-247.0	-362.0	-591.0	193.0	-125.0	-124.0	585.0	-841.0	-179.0	-542.0	-5.0	93.0	3412.0	-390.0	-238.0	-30.0	161.0	-666.0	-374.0	-172.0	-404.0	252.0	151.0	-275.0	-187.0	-10.0	-377.0	-770.0	439.0	-54.0	139.0	290.0	-105.0	-108.0	-592.0	2.0	276.0	-234.0	299.0	-143.0	-361.0	52.0	554.0	-105.0	-610.0	-152.0	-68.0	-581.0	209.0	-276.0	-301.0	283.0	316.0	81.0	-263.0	-78.0	4.0	547.0	79.0	-257.0	-409.0	-49.0	454.0	-57.0
260.0	-240.0	-180.0	-64.0	103.0	-64.0	-514.0	413.0	-166.0	502.0	130.0	-313.0	-162.0	26.0	312.0	-647.0	76.0	141.0	315.0	414.0	-57.0	174.0	-133.0	354.0	-8.0	-292.0	130.0	-203.0	-452.0	-221.0	-367.0	-253.0	36.0	-259.0	178.0	-83.0	554.0	-5.0	445.0	61.0	-114.0	-260.0	-180.0	159.0	-249.0	293.0	151.0	97.0	-390.0	3106.0	420.0	100.0	177.0	403.0	196.0	-56.0	30.0	134.0	-72.0	-113.0	26.0	-545.0	-144.0	177.0	256.0	286.0	-138.0	-74.0	405.0	-58.0	-245.0	-328.0	-74.0	-156.0	-222.0	-493.0	20.0	-328.0	149.0	748.0	-420.0	146.0	-410.0	205.0	-452.0	464.0	-182.0	31.0	-301.0	-248.0	382.0	-184.0	-583.0	3.0	-177.0	321.0	449.0	-258.0	-89.0	-403.0
15.0	-150.0	-152.0	240.0	-157.0	409.0	-122.0	-227.0	-114.0	-15.0	247.0	-5.0	-380.0	-477.0	-88.0	-292.0	-309.0	181.0	296.0	138.0	27.0	-49.0	331.0	40.0	97.0	55.0	-87.0	236.0	-521.0	-188.0	255.0	-118.0	-546.0	151.0	406.0	-233.0	-90.0	81.0	-87.0	-100.0	123.0	60.0	-631.0	124.0	-319.0	-33.0	-176.0	294.0	-238.0	420.0	2766.0	103.0	212.0	43.0	287.0	380.0	206.0	-293.0	-67.0	-143.0	-121.0	102.0	-146.0	-971.0	534.0	210.0	-385.0	-281.0	196.0	-11.0	136.0	127.0	364.0	-311.0	-199.0	-292.0	316.0	505.0	144.0	-275.0	343.0	-62.0	-82.0	46.0	-79.0	73.0	330.0	108.0	-152.0	-124.0	1.0	257.0	33.0	-191.0	185.0	225.0	-162.0	132.0	-209.0	117.0
136.0	-153.0	-711.0	-394.0	-154.0	262.0	435.0	-246.0	-212.0	594.0	-129.0	-70.0	2.0	-283.0	18.0	374.0	-179.0	194.0	-253.0	178.0	-254.0	217.0	-261.0	113.0	-593.0	-237.0	392.0	238.0	-147.0	-713.0	380.0	431.0	267.0	256.0	-161.0	150.0	245.0	-155.0	-83.0	-465.0	-131.0	-345.0	-443.0	-98.0	-168.0	561.0	-392.0	597.0	-30.0	100.0	103.0	3457.0	-111.0	-248.0	-432.0	264.0	199.0	417.0	-495.0	-25.0	312.0	286.0	30.0	-435.0	-171.0	-719.0	275.0	487.0	302.0	54.0	-138.0	-209.0	131.0	110.0	-281.0	143.0	-114.0	-632.0	-389.0	-232.0	100.0	-365.0	689.0	208.0	-176.0	100.0	-173.0	75.0	-321.0	194.0	565.0	65.0	-455.0	208.0	389.0	155.0	-227.0	290.0	-407.0	-216.0
775.0	-474.0	-217.0	538.0	-258.0	505.0	84.0	-282.0	111.0	-139.0	-212.0	-201.0	147.0	818.0	138.0	113.0	-686.0	-86.0	528.0	-450.0	-554.0	-278.0	-508.0	-71.0	102.0	328.0	-9.0	-500.0	-205.0	158.0	-209.0	-173.0	-178.0	195.0	-127.0	-464.0	-89.0	237.0	858.0	301.0	23.0	227.0	296.0	3.0	-306.0	-98.0	468.0	-98.0	161.0	177.0	212.0	-111.0	3671.0	-118.0	397.0	337.0	111.0	234.0	336.0	-470.0	-631.0	-133.0	631.0	45.0	-319.0	-32.0	129.0	180.0	-184.0	-198.0	180.0	83.0	53.0	-201.0	237.0	37.0	533.0	189.0	-71.0	-142.0	69.0	-351.0	-209.0	-298.0	165.0	475.0	-509.0	468.0	317.0	-267.0	318.0	-421.0	144.0	115.0	-251.0	-18.0	-19.0	336.0	45.0	-94.0
194.0	43.0	-49.0	121.0	-246.0	-38.0	-602.0	215.0	102.0	-104.0	740.0	176.0	539.0	-619.0	237.0	-664.0	-105.0	213.0	-27.0	561.0	267.0	284.0	-197.0	-224.0	57.0	102.0	33.0	-75.0	258.0	-243.0	180.0	278.0	-481.0	-437.0	366.0	115.0	174.0	510.0	328.0	-345.0	215.0	235.0	446.0	332.0	-134.0	16.0	3.0	-629.0	-666.0	403.0	43.0	-248.0	-118.0	3489.0	-202.0	183.0	-415.0	-197.0	-693.0	426.0	-313.0	-151.0	-346.0	-14.0	545.0	118.0	881.0	134.0	-189.0	-843.0	390.0	-526.0	-280.0	-652.0	-294.0	-216.0	166.0	-145.0	346.0	450.0	-245.0	-397.0	131.0	-585.0	131.0	133.0	-188.0	297.0	-256.0	345.0	-421.0	-542.0	171.0	310.0	1151.0	69.0	-426.0	-603.0	12.0	192.0
-423.0	-702.0	-184.0	-32.0	120.0	-603.0	137.0	-157.0	727.0	343.0	-41.0	-69.0	-638.0	907.0	-109.0	-353.0	747.0	435.0	-258.0	-681.0	372.0	322.0	-65.0	331.0	219.0	398.0	378.0	48.0	13.0	-254.0	-283.0	352.0	311.0	394.0	496.0	310.0	64.0	378.0	290.0	-279.0	-113.0	-422.0	274.0	-109.0	528.0	-300.0	149.0	-200.0	-374.0	196.0	287.0	-432.0	397.0	-202.0	3624.0	127.0	-132.0	-196.0	581.0	68.0	567.0	217.0	299.0	-234.0	-823.0	-77.0	-149.0	-201.0	-174.0	292.0	-300.0	40.0	-526.0	-233.0	-273.0	128.0	201.0	448.0	404.0	-36.0	-360.0	267.0	-663.0	366.0	-97.0	410.0	560.0	169.0	-114.0	178.0	-347.0	34.0	-620.0	-198.0	-381.0	-994.0	168.0	-362.0	265.0	-160.0
817.0	-326.0	94.0	53.0	-89.0	180.0	-228.0	-971.0	-358.0	57.0	-18.0	619.0	199.0	-45.0	-284.0	-374.0	321.0	474.0	99.0	543.0	-143.0	-143.0	325.0	463.0	83.0	278.0	672.0	-723.0	584.0	-222.0	102.0	-232.0	-502.0	-433.0	-269.0	-293.0	296.0	311.0	383.0	160.0	811.0	354.0	170.0	242.0	396.0	147.0	404.0	24.0	-172.0	-56.0	380.0	264.0	337.0	183.0	127.0	3773.0	234.0	186.0	-310.0	-180.0	581.0	51.0	-56.0	-309.0	204.0	-116.0	205.0	223.0	168.0	-133.0	-62.0	-108.0	3.0	-818.0	-291.0	296.0	110.0	-729.0	173.0	-4.0	-665.0	-525.0	-463.0	-314.0	-135.0	38.0	636.0	142.0	359.0	-31.0	-494.0	49.0	-19.0	-666.0	-335.0	213.0	547.0	-299.0	-497.0	-206.0
29.0	79.0	-761.0	335.0	-95.0	55.0	-17.0	-199.0	-688.0	121.0	-518.0	450.0	140.0	367.0	-40.0	392.0	-321.0	-68.0	372.0	-151.0	-247.0	497.0	-484.0	8.0	29.0	-328.0	2.0	-9.0	-233.0	348.0	344.0	-492.0	-286.0	391.0	-366.0	258.0	-69.0	314.0	245.0	-173.0	-300.0	203.0	272.0	-201.0	-502.0	-128.0	48.0	570.0	-404.0	30.0	206.0	199.0	111.0	-415.0	-132.0	234.0	3531.0	425.0	-348.0	-198.0	-320.0	29.0	-310.0	-149.0	-287.0	-103.0	115.0	355.0	-385.0	382.0	-158.0	633.0	272.0	-11.0	-743.0	40.0	-228.0	-212.0	-505.0	453.0	-14.0	48.0	-381.0	69.0	617.0	499.0	334.0	-123.0	229.0	53.0	233.0	-166.0	-191.0	-347.0	-188.0	392.0	690.0	254.0	383.0	110.0
507.0	70.0	-57.0	133.0	632.0	638.0	15.0	-416.0	187.0	96.0	-205.0	-39.0	-380.0	53.0	-22.0	468.0	-194.0	-496.0	7.0	-147.0	-561.0	231.0	-259.0	169.0	240.0	-373.0	-218.0	-91.0	460.0	-113.0	-352.0	-445.0	-55.0	680.0	-200.0	457.0	-660.0	3.0	266.0	-276.0	-358.0	31.0	-226.0	-233.0	-259.0	495.0	190.0	-145.0	252.0	134.0	-293.0	417.0	234.0	-197.0	-196.0	186.0	425.0	3208.0	-49.0	736.0	43.0	-93.0	-397.0	499.0	410.0	-439.0	605.0	-30.0	588.0	130.0	14.0	-167.0	-26.0	713.0	-493.0	185.0	-312.0	29.0	-440.0	-357.0	-95.0	-429.0	-318.0	-377.0	-129.0	603.0	450.0	497.0	79.0	347.0	-430.0	166.0	189.0	328.0	267.0	707.0	10.0	-253.0	632.0	-662.0
-564.0	29.0	-413.0	-108.0	309.0	-137.0	532.0	98.0	117.0	916.0	-274.0	-244.0	-233.0	559.0	-28.0	264.0	-11.0	-232.0	-74.0	-4.0	127.0	118.0	144.0	592.0	-123.0	210.0	3.0	-368.0	111.0	-38.0	40.0	-179.0	334.0	71.0	285.0	260.0	-168.0	340.0	-217.0	100.0	-321.0	68.0	-280.0	-169.0	-7.0	271.0	368.0	-366.0	151.0	-72.0	-67.0	-495.0	336.0	-693.0	581.0	-310.0	-348.0	-49.0	3186.0	-582.0	-33.0	-316.0	164.0	-48.0	-682.0	-307.0	-95.0	303.0	-684.0	-304.0	-343.0	130.0	-927.0	307.0	301.0	25.0	42.0	58.0	358.0	404.0	408.0	282.0	136.0	697.0	-309.0	361.0	-186.0	346.0	-130.0	-616.0	963.0	130.0	-448.0	54.0	-283.0	-352.0	240.0	37.0	423.0	555.0
471.0	-164.0	-147.0	-515.0	161.0	114.0	-271.0	-239.0	323.0	-81.0	98.0	-518.0	-307.0	-370.0	290.0	-91.0	-212.0	-112.0	69.0	-238.0	9.0	854.0	-138.0	-296.0	142.0	-67.0	54.0	364.0	498.0	658.0	-181.0	-231.0	228.0	278.0	-107.0	274.0	-149.0	-297.0	-170.0	-321.0	60.0	392.0	194.0	114.0	-168.0	-58.0	-77.0	-102.0	-275.0	-113.0	-143.0	-25.0	-470.0	426.0	68.0	-180.0	-198.0	736.0	-582.0	3235.0	376.0	537.0	492.0	691.0	340.0	335.0	640.0	177.0	389.0	-174.0	426.0	38.0	13.0	476.0	539.0	353.0	354.0	-148.0	-263.0	333.0	269.0	-325.0	-155.0	71.0	-422.0	134.0	-101.0	145.0	-195.0	509.0	-587.0	30.0	357.0	436.0	425.0	276.0	-146.0	-162.0	104.0	-294.0
109.0	61.0	-83.0	366.0	403.0	-1.0	17.0	-668.0	365.0	-80.0	-502.0	-368.0	-205.0	103.0	97.0	-123.0	506.0	-52.0	-234.0	458.0	-591.0	553.0	82.0	203.0	348.0	-137.0	-22.0	250.0	433.0	163.0	416.0	51.0	-18.0	155.0	229.0	-138.0	-62.0	221.0	-48.0	-569.0	204.0	-415.0	373.0	175.0	225.0	-361.0	-480.0	298.0	-187.0	26.0	-121.0	312.0	-631.0	-313.0	567.0	581.0	-320.0	43.0	-33.0	376.0	3475.0	-254.0	-6.0	317.0	263.0	-291.0	213.0	17.0	601.0	-430.0	-24.0	-597.0	-257.0	247.0	-88.0	-103.0	246.0	-266.0	21.0	-96.0	-335.0	743.0	-512.0	488.0	-452.0	571.0	521.0	-150.0	385.0	-342.0	-762.0	599.0	-40.0	349.0	283.0	-131.0	-222.0	-202.0	126.0	-561.0
230.0	-141.0	-464.0	86.0	318.0	298.0	300.0	-93.0	311.0	367.0	346.0	91.0	156.0	-6.0	-6.0	218.0	-60.0	322.0	15.0	-420.0	289.0	194.0	-232.0	290.0	181.0	191.0	-401.0	163.0	-66.0	199.0	44.0	867.0	329.0	379.0	-634.0	278.0	-282.0	-8.0	208.0	376.0	-435.0	-60.0	-714.0	-29.0	81.0	-221.0	192.0	581.0	-10.0	-545.0	102.0	286.0	-133.0	-151.0	217.0	51.0	29.0	-93.0	-316.0	537.0	-254.0	3888.0	-32.0	-601.0	117.0	501.0	793.0	286.0	154.0	66.0	266.0	-178.0	158.0	133.0	212.0	774.0	359.0	620.0	-683.0	186.0	1024.0	-1098.0	-371.0	-336.0	184.0	12.0	-122.0	96.0	-233.0	119.0	384.0	159.0	-225.0	-275.0	-470.0	-375.0	-211.0	-185.0	-1111.0	90.0
55.0	-269.0	-508.0	-30.0	-278.0	141.0	-423.0	226.0	66.0	252.0	-542.0	-254.0	-546.0	612.0	-134.0	-218.0	-485.0	534.0	10.0	-614.0	216.0	373.0	-174.0	-557.0	-422.0	-86.0	-342.0	-136.0	217.0	96.0	478.0	445.0	381.0	407.0	143.0	29.0	-311.0	-208.0	205.0	391.0	-323.0	178.0	117.0	-179.0	-166.0	355.0	515.0	-143.0	-377.0	-144.0	-146.0	30.0	631.0	-346.0	299.0	-56.0	-310.0	-397.0	164.0	492.0	-6.0	-32.0	3805.0	-72.0	-116.0	377.0	-452.0	-113.0	-648.0	-114.0	172.0	-796.0	-190.0	34.0	331.0	-403.0	238.0	318.0	-370.0	166.0	572.0	297.0	-251.0	1003.0	43.0	-131.0	-270.0	147.0	241.0	-762.0	291.0	-572.0	-171.0	-724.0	-240.0	520.0	-120.0	327.0	-958.0	-223.0
