8074.0	202.0	166.0	399.0	-1723.0	-61.0	324.0	-648.0	-33.0	-533.0	12.0	82.0	320.0	263.0	203.0	-832.0	204.0	-271.0	-1199.0	40.0	292.0	-264.0	678.0	-642.0	-203.0	-430.0	-790.0	-125.0	282.0	-203.0	-72.0	262.0	176.0	-108.0	-692.0	-457.0	-208.0	142.0	-838.0	-156.0	672.0	-216.0	-318.0	36.0	363.0	378.0	-204.0	61.0	67.0	399.0	-501.0	427.0	27.0	-576.0	18.0	-1398.0	-500.0	523.0	-54.0	383.0	-9.0	-654.0	780.0	-30.0	676.0	154.0	-470.0	-369.0	-22.0	661.0	-395.0	654.0	-719.0	276.0	-29.0	860.0	-105.0	306.0	-363.0	641.0	495.0	102.0	-535.0	590.0	821.0	646.0	-328.0	417.0	451.0	491.0	-120.0	235.0	312.0	-86.0	524.0	-212.0	659.0	471.0	197.0	-263.0	1022.0	560.0	550.0	82.0	1096.0	-549.0	69.0	-1114.0	-687.0	-64.0	-525.0	538.0	-769.0	-383.0	-277.0	80.0	107.0	-126.0	259.0	-141.0	1495.0	-133.0	592.0	2009.0	-382.0	41.0	-56.0	808.0	-90.0	250.0	684.0	535.0	-496.0	-456.0	-818.0	203.0	-363.0	1083.0	257.0	504.0	1216.0	-94.0	-179.0	-758.0	-552.0	-714.0	636.0	792.0	203.0	105.0	-915.0	142.0	497.0	-122.0	351.0	366.0	246.0	349.0	-294.0	172.0	-9.0	329.0	393.0	380.0	-270.0	502.0	176.0	-204.0	444.0	-92.0	-41.0	-375.0	845.0	625.0	-319.0	382.0	-521.0	-292.0	459.0	-378.0	139.0	625.0	-297.0	-827.0	314.0	91.0	-642.0	134.0	240.0	-326.0	-112.0	-342.0	507.0	-436.0	-167.0	-70.0	-1172.0	4.0	55.0	973.0	357.0	313.0	14.0	326.0	-235.0	-733.0	-166.0	-252.0	-291.0	-208.0	-104.0	-182.0	-934.0	-374.0	184.0	26.0	833.0	135.0	670.0	-497.0	55.0	259.0	935.0	230.0	28.0	-734.0	3.0	-453.0	360.0	-768.0	247.0	141.0	-159.0	-213.0	892.0	-310.0	-123.0	641.0	80.0	314.0	-433.0	-291.0	374.0	1196.0	333.0	-84.0	1177.0	727.0	257.0	-608.0
202.0	8949.0	-147.0	451.0	-1253.0	-1042.0	127.0	1095.0	-285.0	-342.0	602.0	168.0	95.0	318.0	1134.0	-1089.0	390.0	-146.0	-750.0	420.0	441.0	492.0	-338.0	119.0	-225.0	-291.0	-618.0	759.0	-38.0	1294.0	-525.0	181.0	-40.0	422.0	54.0	-671.0	-323.0	-737.0	821.0	-78.0	-194.0	-69.0	831.0	-537.0	-33.0	639.0	181.0	-444.0	-484.0	146.0	363.0	958.0	1076.0	-578.0	355.0	772.0	665.0	-464.0	525.0	-550.0	724.0	678.0	563.0	271.0	366.0	215.0	-24.0	139.0	-1005.0	-960.0	2.0	-576.0	-1124.0	855.0	-262.0	28.0	-151.0	425.0	-364.0	146.0	448.0	1069.0	-309.0	-552.0	369.0	694.0	465.0	-230.0	-127.0	67.0	7.0	652.0	575.0	-985.0	158.0	405.0	243.0	-558.0	1213.0	1341.0	-447.0	56.0	449.0	881.0	825.0	80.0	-364.0	-537.0	-368.0	-740.0	475.0	392.0	1113.0	-1323.0	991.0	-395.0	-492.0	-1504.0	-490.0	-228.0	-126.0	-807.0	-77.0	-615.0	-428.0	-77.0	42.0	-724.0	-168.0	-311.0	18.0	374.0	-600.0	-357.0	-530.0	-683.0	-143.0	-78.0	-608.0	-1149.0	49.0	554.0	-380.0	-353.0	-291.0	431.0	-758.0	611.0	-405.0	486.0	144.0	-482.0	72.0	-48.0	127.0	503.0	-390.0	149.0	117.0	-452.0	-33.0	306.0	-278.0	899.0	-184.0	32.0	-70.0	-271.0	1267.0	823.0	62.0	2.0	-232.0	-171.0	849.0	-998.0	-824.0	18.0	-24.0	705.0	139.0	-194.0	141.0	707.0	-462.0	-4.0	161.0	-812.0	-140.0	-341.0	221.0	695.0	-214.0	-312.0	466.0	7.0	-114.0	-289.0	-739.0	223.0	-919.0	-87.0	430.0	-376.0	-23.0	-281.0	-462.0	-674.0	326.0	-102.0	513.0	648.0	610.0	-52.0	-390.0	-698.0	453.0	922.0	-159.0	514.0	198.0	748.0	422.0	377.0	78.0	-705.0	936.0	748.0	-739.0	62.0	317.0	1211.0	-746.0	395.0	1174.0	-497.0	1099.0	841.0	43.0	-374.0	811.0	583.0	-389.0	1011.0	-299.0	963.0	258.0	-584.0	710.0	638.0
166.0	-147.0	8788.0	-17.0	-608.0	-1153.0	-56.0	-379.0	854.0	-969.0	-154.0	547.0	-651.0	-281.0	-710.0	674.0	-188.0	-390.0	-46.0	64.0	-178.0	241.0	-30.0	519.0	620.0	167.0	170.0	-385.0	-939.0	290.0	846.0	545.0	-685.0	-113.0	1005.0	-21.0	-517.0	-102.0	-524.0	209.0	-205.0	-165.0	1085.0	692.0	391.0	553.0	-802.0	874.0	250.0	-362.0	-213.0	1282.0	-18.0	-284.0	-175.0	19.0	-172.0	-235.0	323.0	569.0	597.0	644.0	58.0	296.0	334.0	301.0	273.0	172.0	134.0	163.0	-483.0	726.0	640.0	753.0	451.0	768.0	323.0	92.0	527.0	-439.0	-260.0	-535.0	-583.0	146.0	-12.0	-12.0	-98.0	525.0	38.0	44.0	-34.0	222.0	-574.0	-452.0	1018.0	-463.0	25.0	-407.0	-26.0	293.0	118.0	847.0	-40.0	-589.0	861.0	-539.0	103.0	-1837.0	-17.0	-174.0	-424.0	919.0	321.0	-22.0	-251.0	-3.0	-926.0	308.0	-1233.0	-567.0	-1458.0	-149.0	-401.0	-392.0	989.0	48.0	-686.0	304.0	-559.0	170.0	254.0	-358.0	-104.0	-312.0	70.0	-617.0	18.0	244.0	106.0	-590.0	-337.0	719.0	-308.0	-44.0	214.0	343.0	-705.0	-2.0	76.0	304.0	-691.0	-397.0	-418.0	469.0	-698.0	-599.0	447.0	-1106.0	129.0	-244.0	-647.0	255.0	-219.0	-600.0	759.0	125.0	337.0	126.0	-652.0	-81.0	594.0	83.0	735.0	56.0	5.0	-319.0	560.0	733.0	-162.0	-1076.0	321.0	-2.0	-463.0	-229.0	530.0	-379.0	558.0	100.0	-607.0	-125.0	490.0	-465.0	-386.0	-374.0	282.0	-398.0	978.0	-218.0	-697.0	-347.0	396.0	468.0	-233.0	267.0	295.0	-780.0	-874.0	-198.0	420.0	234.0	1391.0	-701.0	256.0	953.0	-315.0	179.0	109.0	126.0	204.0	700.0	-638.0	156.0	34.0	-825.0	548.0	443.0	-868.0	427.0	669.0	-242.0	827.0	-142.0	1179.0	-13.0	-459.0	1067.0	314.0	254.0	240.0	-167.0	-77.0	1084.0	261.0	1288.0	-624.0	-1024.0	-221.0	-564.0	-370.0	-321.0
399.0	451.0	-17.0	8366.0	167.0	-219.0	154.0	-431.0	727.0	-897.0	102.0	628.0	322.0	811.0	-222.0	-229.0	303.0	359.0	-30.0	235.0	-168.0	905.0	-252.0	1271.0	-215.0	170.0	331.0	-233.0	-524.0	-602.0	689.0	-438.0	1035.0	794.0	-480.0	-180.0	-689.0	-415.0	474.0	-678.0	-714.0	508.0	512.0	-1.0	-660.0	-325.0	-325.0	-607.0	-152.0	649.0	163.0	281.0	-691.0	-326.0	-145.0	-615.0	-175.0	266.0	341.0	105.0	-811.0	423.0	-521.0	-583.0	392.0	881.0	168.0	344.0	169.0	307.0	-291.0	69.0	453.0	855.0	-481.0	340.0	-3.0	-208.0	-680.0	404.0	-365.0	-523.0	-421.0	106.0	-423.0	424.0	298.0	879.0	646.0	460.0	-521.0	347.0	-396.0	274.0	640.0	-604.0	-152.0	302.0	-63.0	-274.0	-661.0	515.0	-31.0	-146.0	524.0	115.0	474.0	-216.0	-872.0	-173.0	-139.0	-743.0	389.0	376.0	-55.0	747.0	303.0	-508.0	271.0	744.0	-711.0	22.0	-23.0	-891.0	-449.0	65.0	96.0	-319.0	-390.0	721.0	-139.0	-749.0	-154.0	542.0	13.0	-9.0	306.0	-669.0	458.0	6.0	75.0	902.0	-72.0	573.0	265.0	1770.0	423.0	407.0	542.0	311.0	716.0	-269.0	839.0	151.0	-555.0	608.0	-80.0	-481.0	60.0	-90.0	-338.0	845.0	755.0	-848.0	-625.0	-808.0	441.0	-685.0	-193.0	502.0	-702.0	-171.0	493.0	-309.0	-669.0	233.0	-651.0	304.0	-431.0	-949.0	129.0	733.0	886.0	-466.0	737.0	270.0	-439.0	-611.0	-981.0	-38.0	-281.0	-93.0	-32.0	-172.0	565.0	1241.0	229.0	-980.0	648.0	150.0	-452.0	-110.0	-49.0	442.0	-95.0	723.0	634.0	-454.0	-335.0	-1457.0	434.0	-71.0	442.0	187.0	492.0	-264.0	-183.0	629.0	-188.0	301.0	-610.0	899.0	399.0	-1230.0	4.0	-1039.0	-605.0	-147.0	-1072.0	611.0	8.0	-203.0	-689.0	1822.0	653.0	-193.0	551.0	-260.0	-535.0	572.0	-681.0	-201.0	112.0	1083.0	668.0	587.0	145.0	432.0	-407.0	-24.0
-1723.0	-1253.0	-608.0	167.0	7893.0	-204.0	203.0	-473.0	95.0	642.0	-302.0	-169.0	-406.0	-568.0	380.0	1911.0	257.0	34.0	176.0	277.0	170.0	32.0	28.0	763.0	40.0	272.0	329.0	492.0	33.0	-651.0	-791.0	-672.0	127.0	-175.0	195.0	268.0	-442.0	81.0	633.0	428.0	-237.0	-1.0	-42.0	-703.0	-93.0	-452.0	-851.0	-49.0	-190.0	111.0	-660.0	-421.0	-484.0	-430.0	-960.0	-252.0	-510.0	-84.0	280.0	652.0	447.0	252.0	-93.0	94.0	-945.0	82.0	467.0	-228.0	295.0	-368.0	312.0	-33.0	425.0	-511.0	407.0	-96.0	73.0	-1187.0	-124.0	375.0	132.0	-372.0	126.0	113.0	-868.0	-243.0	696.0	27.0	668.0	476.0	161.0	128.0	-652.0	383.0	-980.0	-733.0	656.0	-744.0	-259.0	26.0	-124.0	111.0	-772.0	796.0	-111.0	259.0	-658.0	636.0	-233.0	-657.0	506.0	-1060.0	70.0	739.0	737.0	-628.0	-192.0	-42.0	-546.0	-175.0	-700.0	463.0	141.0	-82.0	-632.0	-308.0	-129.0	261.0	-360.0	-400.0	-332.0	-241.0	738.0	649.0	1525.0	13.0	-306.0	-861.0	25.0	51.0	-605.0	-661.0	-195.0	-84.0	-191.0	285.0	97.0	-1155.0	-1298.0	113.0	-663.0	73.0	-1098.0	377.0	-566.0	232.0	-190.0	-832.0	-124.0	363.0	80.0	-1683.0	301.0	-767.0	105.0	164.0	534.0	68.0	-864.0	-790.0	-99.0	22.0	-1131.0	-241.0	159.0	577.0	132.0	-426.0	-196.0	-462.0	122.0	92.0	657.0	-463.0	508.0	412.0	965.0	-123.0	-271.0	185.0	-545.0	-1784.0	340.0	284.0	959.0	-384.0	562.0	117.0	718.0	-554.0	-554.0	351.0	650.0	414.0	-512.0	-69.0	260.0	-317.0	-593.0	370.0	583.0	451.0	-6.0	-898.0	608.0	389.0	321.0	-111.0	-114.0	-155.0	188.0	-509.0	997.0	-840.0	-998.0	-474.0	35.0	-496.0	-432.0	-384.0	257.0	-668.0	-828.0	-312.0	-239.0	-21.0	216.0	-14.0	-79.0	617.0	-22.0	-676.0	-207.0	-830.0	-353.0	-603.0	-210.0	52.0	-815.0	-268.0
-61.0	-1042.0	-1153.0	-219.0	-204.0	8736.0	-228.0	-478.0	27.0	682.0	592.0	-882.0	176.0	468.0	-370.0	64.0	215.0	-605.0	-166.0	463.0	-1428.0	-125.0	-458.0	-614.0	-1202.0	387.0	493.0	558.0	363.0	276.0	-832.0	328.0	-226.0	-1020.0	-1104.0	-1840.0	192.0	794.0	-996.0	589.0	-818.0	399.0	-169.0	679.0	105.0	695.0	-562.0	160.0	542.0	-164.0	-868.0	-704.0	751.0	-628.0	-750.0	-93.0	672.0	-8.0	-299.0	-334.0	146.0	-1043.0	297.0	258.0	-641.0	228.0	382.0	116.0	577.0	-332.0	-121.0	-167.0	-120.0	-64.0	-406.0	-85.0	-376.0	456.0	264.0	701.0	-95.0	-912.0	932.0	357.0	14.0	-461.0	-350.0	-671.0	-407.0	62.0	-407.0	780.0	9.0	-795.0	5.0	282.0	-919.0	-59.0	-933.0	-133.0	446.0	-334.0	-369.0	954.0	47.0	443.0	292.0	838.0	-29.0	943.0	562.0	-210.0	-212.0	75.0	-647.0	138.0	-19.0	-58.0	-134.0	-502.0	-66.0	-474.0	-169.0	24.0	748.0	429.0	-671.0	-78.0	-543.0	908.0	542.0	239.0	-692.0	575.0	-420.0	470.0	240.0	-32.0	-130.0	657.0	484.0	129.0	-619.0	-575.0	-122.0	-862.0	-519.0	261.0	-139.0	-1076.0	-841.0	-1059.0	149.0	-32.0	821.0	301.0	-531.0	827.0	-292.0	-446.0	217.0	463.0	174.0	-293.0	-470.0	-236.0	-125.0	-605.0	373.0	727.0	-4.0	1089.0	697.0	-606.0	199.0	-85.0	323.0	393.0	-510.0	256.0	599.0	-462.0	859.0	539.0	112.0	148.0	897.0	52.0	487.0	980.0	-804.0	-920.0	916.0	-1023.0	-309.0	540.0	540.0	-1000.0	282.0	220.0	-332.0	261.0	18.0	422.0	681.0	-57.0	-550.0	434.0	275.0	249.0	-622.0	-480.0	122.0	-4.0	-186.0	-371.0	447.0	497.0	-680.0	67.0	195.0	-585.0	402.0	310.0	91.0	-50.0	119.0	-176.0	-619.0	617.0	530.0	-376.0	181.0	-142.0	86.0	-492.0	-272.0	-116.0	-99.0	-5.0	-343.0	-1031.0	279.0	-875.0	-200.0	1075.0	-940.0	791.0	199.0	132.0
324.0	127.0	-56.0	154.0	203.0	-228.0	7663.0	-782.0	-73.0	333.0	1051.0	-332.0	317.0	457.0	592.0	-163.0	218.0	-81.0	1178.0	4.0	-540.0	-519.0	65.0	381.0	490.0	-394.0	-90.0	-360.0	-722.0	467.0	555.0	382.0	-490.0	554.0	-328.0	-969.0	-1522.0	815.0	-581.0	458.0	-211.0	412.0	43.0	-492.0	11.0	605.0	-438.0	373.0	512.0	-107.0	-658.0	-3.0	-258.0	-340.0	-121.0	352.0	533.0	-617.0	375.0	388.0	728.0	-353.0	-263.0	-187.0	255.0	-814.0	577.0	-471.0	445.0	-119.0	-376.0	131.0	-332.0	349.0	-310.0	64.0	-406.0	-599.0	348.0	390.0	-852.0	108.0	116.0	307.0	730.0	509.0	934.0	-687.0	140.0	-578.0	-192.0	548.0	-910.0	496.0	-261.0	23.0	1622.0	423.0	55.0	247.0	214.0	43.0	35.0	120.0	-185.0	-15.0	-717.0	-225.0	233.0	-925.0	80.0	-26.0	26.0	604.0	-383.0	49.0	-625.0	-354.0	-716.0	-297.0	-259.0	-366.0	-538.0	298.0	252.0	-232.0	-212.0	-214.0	562.0	-815.0	-500.0	311.0	231.0	114.0	33.0	-467.0	-867.0	-929.0	148.0	215.0	515.0	-542.0	-177.0	122.0	-631.0	253.0	-570.0	-225.0	101.0	361.0	543.0	436.0	-12.0	-695.0	876.0	397.0	415.0	572.0	-315.0	87.0	-521.0	527.0	448.0	107.0	-311.0	-1029.0	-343.0	483.0	305.0	-222.0	406.0	-481.0	-503.0	-413.0	-486.0	-329.0	156.0	714.0	-343.0	238.0	-79.0	402.0	-1058.0	-27.0	495.0	1383.0	-69.0	-98.0	98.0	-522.0	-52.0	788.0	444.0	-9.0	-434.0	232.0	21.0	659.0	17.0	1416.0	216.0	659.0	46.0	-376.0	483.0	-63.0	64.0	-835.0	459.0	-223.0	612.0	-240.0	-370.0	-18.0	-54.0	-96.0	-972.0	-511.0	-181.0	-69.0	-727.0	321.0	-287.0	-431.0	734.0	938.0	-542.0	9.0	-15.0	217.0	202.0	-49.0	461.0	54.0	-119.0	-753.0	-94.0	556.0	-909.0	970.0	168.0	620.0	846.0	-224.0	-161.0	-547.0	1041.0	229.0	494.0	-454.0
-648.0	1095.0	-379.0	-431.0	-473.0	-478.0	-782.0	8200.0	199.0	169.0	153.0	-915.0	690.0	60.0	323.0	-626.0	451.0	-748.0	-328.0	-333.0	424.0	-717.0	57.0	-334.0	231.0	-424.0	92.0	47.0	208.0	-584.0	663.0	294.0	497.0	287.0	-829.0	1266.0	-390.0	-269.0	-132.0	-200.0	209.0	125.0	-73.0	-271.0	-554.0	-185.0	282.0	-549.0	-271.0	-104.0	139.0	267.0	940.0	396.0	924.0	842.0	513.0	-751.0	-1077.0	757.0	-345.0	90.0	445.0	-1074.0	913.0	194.0	650.0	-258.0	-548.0	-429.0	392.0	154.0	-228.0	-330.0	-88.0	-643.0	-1333.0	746.0	676.0	388.0	289.0	240.0	211.0	-703.0	-116.0	-219.0	-240.0	-134.0	-491.0	872.0	-845.0	489.0	-49.0	428.0	-301.0	464.0	251.0	-5.0	-302.0	107.0	66.0	-619.0	347.0	319.0	21.0	-76.0	-677.0	-212.0	540.0	399.0	79.0	822.0	386.0	-1182.0	-170.0	7.0	-825.0	45.0	-380.0	286.0	-260.0	613.0	62.0	-1269.0	-343.0	-470.0	881.0	-14.0	-531.0	214.0	200.0	-707.0	-225.0	-372.0	440.0	-421.0	-599.0	83.0	318.0	383.0	-1020.0	-47.0	-335.0	-267.0	-1124.0	416.0	316.0	-606.0	-324.0	-1043.0	428.0	137.0	285.0	-206.0	116.0	-682.0	-1161.0	559.0	77.0	-368.0	627.0	-856.0	-440.0	-191.0	632.0	-26.0	317.0	-48.0	293.0	-131.0	-507.0	548.0	563.0	541.0	-64.0	136.0	-710.0	568.0	117.0	-239.0	-482.0	-728.0	-594.0	-624.0	-21.0	197.0	-6.0	392.0	-42.0	-372.0	-673.0	449.0	245.0	26.0	-750.0	359.0	-511.0	-41.0	-49.0	180.0	181.0	37.0	1354.0	19.0	-93.0	-402.0	29.0	752.0	312.0	-413.0	-1011.0	370.0	172.0	-265.0	-130.0	1469.0	417.0	742.0	-837.0	972.0	473.0	-253.0	-333.0	172.0	441.0	210.0	646.0	-283.0	100.0	-377.0	-507.0	322.0	419.0	-401.0	-420.0	255.0	293.0	314.0	-348.0	14.0	204.0	-897.0	-614.0	427.0	-382.0	653.0	-18.0	-624.0	301.0	420.0
-33.0	-285.0	854.0	727.0	95.0	27.0	-73.0	199.0	8114.0	198.0	-601.0	507.0	-326.0	25.0	-87.0	155.0	-461.0	-302.0	-432.0	-218.0	337.0	491.0	284.0	254.0	450.0	265.0	-433.0	792.0	422.0	584.0	316.0	-290.0	1011.0	129.0	409.0	-109.0	-233.0	-270.0	-149.0	1041.0	1072.0	691.0	60.0	973.0	36.0	-822.0	712.0	-983.0	-233.0	-548.0	-79.0	48.0	613.0	255.0	656.0	664.0	515.0	-651.0	216.0	313.0	-374.0	187.0	-40.0	969.0	-503.0	496.0	-36.0	1016.0	-491.0	62.0	-662.0	141.0	672.0	602.0	745.0	198.0	84.0	-365.0	-513.0	926.0	105.0	543.0	284.0	316.0	-570.0	573.0	65.0	222.0	-69.0	-984.0	-491.0	-124.0	285.0	267.0	983.0	-1291.0	501.0	528.0	287.0	-173.0	-664.0	7.0	94.0	-73.0	255.0	-180.0	184.0	-320.0	-727.0	437.0	-657.0	-183.0	-617.0	35.0	-791.0	-645.0	622.0	83.0	76.0	-576.0	677.0	-2.0	-285.0	-1008.0	154.0	111.0	165.0	315.0	-294.0	-689.0	192.0	-335.0	297.0	99.0	-100.0	-515.0	24.0	-142.0	-299.0	600.0	-850.0	-328.0	-374.0	811.0	93.0	117.0	25.0	-509.0	195.0	-92.0	57.0	-129.0	722.0	-53.0	-123.0	-432.0	-257.0	-652.0	262.0	-253.0	-91.0	-134.0	-119.0	-391.0	639.0	155.0	-244.0	726.0	-253.0	-355.0	561.0	-923.0	-339.0	68.0	-167.0	-170.0	544.0	227.0	97.0	-818.0	-1420.0	66.0	548.0	117.0	5.0	113.0	-448.0	-355.0	341.0	62.0	230.0	771.0	-68.0	-536.0	303.0	694.0	888.0	-66.0	-298.0	-228.0	-854.0	89.0	-28.0	-109.0	-401.0	-256.0	-542.0	-367.0	-270.0	543.0	683.0	-96.0	1129.0	704.0	353.0	-668.0	69.0	-343.0	-309.0	-240.0	460.0	-579.0	-66.0	-540.0	-178.0	-325.0	-839.0	-194.0	152.0	36.0	697.0	-748.0	416.0	-903.0	-141.0	172.0	-391.0	-16.0	-294.0	216.0	320.0	450.0	784.0	-264.0	-400.0	-209.0	471.0	851.0	-58.0	-222.0
-533.0	-342.0	-969.0	-897.0	642.0	682.0	333.0	169.0	198.0	7720.0	65.0	27.0	122.0	-459.0	-149.0	-516.0	-124.0	-538.0	219.0	-516.0	171.0	-853.0	-54.0	863.0	-353.0	146.0	-623.0	-70.0	147.0	333.0	-410.0	343.0	-571.0	-57.0	336.0	539.0	1026.0	-603.0	-616.0	232.0	-233.0	655.0	273.0	134.0	-562.0	-318.0	379.0	-1174.0	-19.0	674.0	-90.0	-78.0	-121.0	-856.0	252.0	-45.0	1226.0	-326.0	-92.0	-275.0	-251.0	515.0	-880.0	564.0	-973.0	110.0	276.0	607.0	553.0	-466.0	570.0	-13.0	898.0	450.0	-493.0	-1075.0	-324.0	-669.0	-360.0	89.0	596.0	815.0	282.0	-244.0	9.0	-80.0	-502.0	-1200.0	304.0	-743.0	420.0	1042.0	-836.0	-34.0	266.0	-360.0	230.0	406.0	-356.0	-181.0	121.0	-249.0	143.0	366.0	-979.0	-213.0	167.0	-147.0	971.0	311.0	462.0	-396.0	-96.0	103.0	22.0	719.0	190.0	296.0	146.0	-803.0	582.0	-351.0	-685.0	-378.0	335.0	734.0	297.0	-41.0	232.0	-280.0	-345.0	-314.0	-308.0	-423.0	-60.0	480.0	-70.0	405.0	132.0	-1129.0	588.0	182.0	142.0	-128.0	-476.0	-302.0	-321.0	-500.0	-974.0	-155.0	-430.0	236.0	-13.0	99.0	716.0	204.0	455.0	-668.0	244.0	170.0	186.0	-419.0	-188.0	-630.0	-690.0	99.0	-513.0	-64.0	-535.0	546.0	39.0	-775.0	772.0	-393.0	-464.0	-128.0	318.0	551.0	-712.0	-851.0	544.0	111.0	-658.0	-212.0	0.0	37.0	531.0	-400.0	894.0	796.0	331.0	-155.0	632.0	63.0	25.0	333.0	214.0	-79.0	285.0	198.0	262.0	-0.0	163.0	-5.0	16.0	-351.0	689.0	369.0	34.0	-1205.0	-323.0	-136.0	715.0	-74.0	1418.0	-726.0	-297.0	-1378.0	218.0	560.0	-8.0	-645.0	491.0	14.0	875.0	-240.0	-74.0	349.0	1012.0	431.0	138.0	-210.0	-16.0	-1337.0	-149.0	153.0	-617.0	-441.0	29.0	484.0	-143.0	-308.0	1057.0	-175.0	574.0	168.0	-478.0	-268.0	-741.0	-97.0
12.0	602.0	-154.0	102.0	-302.0	592.0	1051.0	153.0	-601.0	65.0	7200.0	670.0	147.0	644.0	-275.0	201.0	-628.0	-14.0	146.0	637.0	94.0	889.0	-404.0	-481.0	122.0	191.0	485.0	676.0	-173.0	238.0	-496.0	439.0	-420.0	-1510.0	21.0	-7.0	-171.0	-520.0	-586.0	-963.0	439.0	-634.0	-629.0	163.0	-229.0	-261.0	240.0	136.0	70.0	-1151.0	258.0	605.0	332.0	-117.0	-446.0	10.0	640.0	194.0	85.0	415.0	-767.0	-486.0	-12.0	-984.0	-519.0	-998.0	875.0	-818.0	598.0	-542.0	441.0	159.0	-748.0	570.0	-522.0	-631.0	397.0	5.0	350.0	-513.0	-281.0	77.0	39.0	-401.0	-391.0	-109.0	-198.0	-217.0	-240.0	466.0	-598.0	-151.0	184.0	235.0	-12.0	683.0	-195.0	-405.0	271.0	794.0	-339.0	812.0	-407.0	-73.0	-1062.0	-334.0	-201.0	666.0	950.0	5.0	9.0	518.0	17.0	346.0	932.0	1.0	488.0	-127.0	469.0	-569.0	-616.0	-491.0	529.0	-431.0	-159.0	894.0	-631.0	1198.0	-379.0	-9.0	-472.0	436.0	-230.0	-152.0	-444.0	636.0	1280.0	-392.0	-172.0	545.0	181.0	82.0	538.0	654.0	-942.0	304.0	-775.0	-267.0	264.0	-107.0	155.0	903.0	730.0	510.0	787.0	-471.0	-8.0	6.0	136.0	61.0	576.0	152.0	324.0	-183.0	822.0	-479.0	216.0	-398.0	404.0	-261.0	147.0	340.0	-866.0	-197.0	-32.0	-664.0	226.0	210.0	173.0	4.0	-614.0	-325.0	-609.0	491.0	-129.0	-79.0	304.0	-685.0	-759.0	155.0	375.0	-991.0	810.0	-559.0	-633.0	760.0	342.0	-280.0	-324.0	-323.0	-285.0	703.0	184.0	-273.0	674.0	141.0	686.0	-216.0	1033.0	177.0	-544.0	511.0	559.0	-701.0	-462.0	309.0	-892.0	-126.0	499.0	651.0	-94.0	-351.0	-64.0	179.0	666.0	-684.0	-862.0	-311.0	-325.0	51.0	431.0	83.0	229.0	493.0	-385.0	108.0	42.0	337.0	-837.0	-81.0	458.0	512.0	90.0	-373.0	-21.0	467.0	611.0	111.0	403.0	1030.0
82.0	168.0	547.0	628.0	-169.0	-882.0	-332.0	-915.0	507.0	27.0	670.0	8381.0	-63.0	417.0	-187.0	-304.0	-383.0	-62.0	-106.0	-637.0	178.0	244.0	142.0	21.0	312.0	129.0	300.0	422.0	-736.0	57.0	-354.0	414.0	106.0	-404.0	916.0	154.0	625.0	-411.0	327.0	-9.0	-232.0	57.0	155.0	303.0	711.0	-100.0	-576.0	-2.0	-253.0	-24.0	1013.0	-16.0	-164.0	51.0	-264.0	142.0	181.0	-295.0	-172.0	129.0	-1009.0	301.0	-307.0	1070.0	3.0	-436.0	-321.0	128.0	56.0	338.0	457.0	-336.0	519.0	-150.0	-482.0	-377.0	844.0	-874.0	-712.0	-205.0	713.0	383.0	-152.0	1122.0	331.0	-285.0	703.0	629.0	505.0	-140.0	499.0	-336.0	353.0	1071.0	781.0	-304.0	-304.0	-211.0	722.0	-78.0	349.0	866.0	403.0	-12.0	-1322.0	276.0	437.0	-29.0	-524.0	418.0	-261.0	-46.0	-511.0	893.0	6.0	794.0	1445.0	-577.0	-64.0	-458.0	-210.0	-304.0	290.0	839.0	-919.0	101.0	-702.0	-230.0	-32.0	204.0	247.0	-822.0	511.0	-98.0	-834.0	711.0	42.0	-721.0	128.0	93.0	266.0	423.0	213.0	889.0	208.0	-233.0	-576.0	19.0	264.0	729.0	437.0	183.0	-592.0	267.0	4.0	-555.0	461.0	-1106.0	-240.0	820.0	-309.0	60.0	279.0	728.0	271.0	114.0	-786.0	-411.0	-787.0	-976.0	886.0	-128.0	501.0	468.0	-117.0	-88.0	-548.0	-475.0	-23.0	977.0	-1166.0	884.0	-293.0	-707.0	508.0	-790.0	-531.0	-873.0	-169.0	649.0	-87.0	399.0	326.0	-426.0	-325.0	911.0	701.0	357.0	288.0	-200.0	342.0	-490.0	-247.0	192.0	618.0	-484.0	90.0	-710.0	-41.0	-952.0	-888.0	1071.0	669.0	521.0	-446.0	-1054.0	-996.0	-104.0	664.0	-331.0	-253.0	828.0	-425.0	-422.0	116.0	2.0	-598.0	-485.0	144.0	201.0	-300.0	1017.0	148.0	315.0	272.0	-266.0	-54.0	-62.0	-421.0	225.0	295.0	-270.0	272.0	-264.0	565.0	-406.0	110.0	454.0	662.0	482.0
320.0	95.0	-651.0	322.0	-406.0	176.0	317.0	690.0	-326.0	122.0	147.0	-63.0	7750.0	395.0	-420.0	159.0	-14.0	-916.0	946.0	-50.0	225.0	242.0	-269.0	241.0	553.0	233.0	86.0	-481.0	-434.0	-80.0	-239.0	62.0	135.0	-283.0	-492.0	-636.0	-113.0	-222.0	-565.0	195.0	-85.0	-93.0	548.0	677.0	-417.0	387.0	162.0	258.0	-602.0	483.0	-579.0	-893.0	-104.0	-428.0	-215.0	-2.0	-1102.0	-1429.0	265.0	-363.0	396.0	-1228.0	249.0	-1319.0	113.0	-278.0	-484.0	-183.0	-571.0	-41.0	386.0	741.0	-229.0	-823.0	82.0	33.0	560.0	614.0	-357.0	-308.0	-689.0	-642.0	918.0	-214.0	458.0	-234.0	-695.0	-911.0	-27.0	666.0	637.0	-75.0	-2.0	162.0	762.0	469.0	188.0	277.0	25.0	-115.0	945.0	204.0	74.0	124.0	-199.0	-493.0	420.0	853.0	113.0	265.0	336.0	383.0	1187.0	-185.0	-394.0	-1516.0	-676.0	256.0	-1000.0	-692.0	-375.0	311.0	1186.0	365.0	98.0	345.0	-207.0	-434.0	-600.0	-473.0	-558.0	-532.0	-147.0	-486.0	182.0	-370.0	3.0	701.0	98.0	185.0	-1141.0	-400.0	531.0	1140.0	-354.0	296.0	-688.0	534.0	-72.0	-781.0	141.0	419.0	-383.0	-295.0	222.0	-1239.0	-244.0	131.0	-817.0	498.0	-297.0	354.0	-63.0	-103.0	-238.0	369.0	-980.0	207.0	443.0	-107.0	-881.0	389.0	718.0	-156.0	859.0	849.0	488.0	243.0	275.0	723.0	70.0	555.0	404.0	-382.0	-560.0	723.0	506.0	-148.0	42.0	368.0	-240.0	720.0	-758.0	-364.0	-648.0	472.0	87.0	531.0	-234.0	522.0	221.0	-747.0	596.0	-16.0	-495.0	-614.0	-526.0	-118.0	-350.0	-387.0	-49.0	-131.0	-223.0	-876.0	727.0	-126.0	68.0	102.0	525.0	-553.0	-518.0	210.0	-860.0	-909.0	-162.0	768.0	814.0	-456.0	6.0	-242.0	-2.0	-644.0	708.0	318.0	1295.0	-97.0	350.0	237.0	-1022.0	-913.0	-909.0	462.0	439.0	-462.0	820.0	815.0	452.0	-702.0	301.0	642.0
263.0	318.0	-281.0	811.0	-568.0	468.0	457.0	60.0	25.0	-459.0	644.0	417.0	395.0	8126.0	-14.0	671.0	-1082.0	425.0	7.0	-665.0	-313.0	704.0	-753.0	18.0	170.0	-518.0	268.0	-498.0	172.0	-319.0	719.0	463.0	-404.0	-1306.0	-609.0	180.0	607.0	-2.0	-75.0	-176.0	-457.0	79.0	-568.0	50.0	-50.0	97.0	208.0	-128.0	-124.0	-583.0	-751.0	558.0	-697.0	-1193.0	-414.0	-238.0	151.0	-349.0	-98.0	-772.0	-365.0	-1119.0	305.0	413.0	-170.0	811.0	-1102.0	130.0	742.0	-893.0	53.0	343.0	-617.0	-805.0	-523.0	-698.0	380.0	318.0	96.0	717.0	-105.0	602.0	-32.0	-27.0	663.0	526.0	10.0	-909.0	-102.0	599.0	-1048.0	-396.0	-360.0	-254.0	-185.0	542.0	-583.0	-508.0	1017.0	596.0	730.0	656.0	268.0	537.0	-512.0	315.0	569.0	728.0	367.0	-184.0	154.0	-708.0	-235.0	-543.0	647.0	49.0	635.0	-401.0	-972.0	641.0	-487.0	304.0	1141.0	-31.0	-299.0	-661.0	-684.0	70.0	805.0	176.0	-189.0	-464.0	-1015.0	527.0	386.0	590.0	-113.0	-27.0	7.0	-359.0	-146.0	386.0	138.0	240.0	-694.0	-251.0	534.0	-329.0	-86.0	23.0	513.0	1035.0	-217.0	-152.0	-596.0	341.0	-238.0	525.0	113.0	-328.0	368.0	1811.0	-193.0	-106.0	153.0	743.0	-451.0	162.0	151.0	-902.0	49.0	-772.0	-101.0	-485.0	-239.0	-473.0	-232.0	62.0	908.0	-828.0	567.0	-159.0	-20.0	-392.0	644.0	-619.0	-276.0	380.0	548.0	47.0	405.0	234.0	108.0	69.0	-40.0	378.0	-332.0	-424.0	410.0	310.0	555.0	-523.0	-359.0	-355.0	1157.0	207.0	-243.0	472.0	396.0	125.0	-218.0	-363.0	431.0	-279.0	-394.0	-575.0	-739.0	-424.0	169.0	240.0	-410.0	-276.0	-504.0	242.0	548.0	-104.0	458.0	-248.0	1019.0	478.0	-179.0	-496.0	-576.0	-144.0	177.0	-901.0	-219.0	-811.0	-600.0	926.0	-168.0	464.0	659.0	-295.0	487.0	543.0	-156.0	-256.0	-67.0	809.0
203.0	1134.0	-710.0	-222.0	380.0	-370.0	592.0	323.0	-87.0	-149.0	-275.0	-187.0	-420.0	-14.0	8476.0	80.0	46.0	109.0	-192.0	750.0	110.0	324.0	194.0	255.0	97.0	-932.0	-1045.0	-519.0	-15.0	242.0	-41.0	12.0	-70.0	387.0	632.0	-628.0	-817.0	48.0	-256.0	126.0	118.0	27.0	107.0	-1145.0	-382.0	-411.0	-225.0	6.0	682.0	125.0	696.0	1009.0	820.0	188.0	1217.0	-232.0	-451.0	539.0	588.0	-373.0	52.0	534.0	480.0	-519.0	386.0	-592.0	99.0	71.0	-1205.0	-485.0	180.0	-741.0	-487.0	-331.0	-158.0	534.0	-48.0	-465.0	-159.0	305.0	482.0	405.0	299.0	-184.0	-514.0	24.0	428.0	193.0	-81.0	-694.0	316.0	-641.0	-485.0	496.0	-275.0	217.0	287.0	-384.0	58.0	-131.0	-671.0	478.0	715.0	741.0	123.0	98.0	-707.0	-813.0	128.0	97.0	370.0	67.0	-225.0	239.0	916.0	723.0	-675.0	853.0	-281.0	461.0	472.0	-418.0	478.0	-408.0	11.0	-806.0	41.0	188.0	904.0	928.0	-1044.0	-375.0	-128.0	-583.0	-249.0	-540.0	-639.0	-421.0	32.0	-62.0	-480.0	462.0	-248.0	402.0	10.0	201.0	239.0	-127.0	-707.0	602.0	-174.0	97.0	518.0	-312.0	-402.0	-604.0	-682.0	299.0	25.0	-653.0	674.0	-854.0	701.0	583.0	-431.0	585.0	157.0	-664.0	-631.0	169.0	-317.0	-617.0	69.0	-996.0	-95.0	251.0	35.0	-1064.0	431.0	-193.0	-142.0	855.0	510.0	260.0	175.0	-499.0	-959.0	174.0	-56.0	-697.0	-394.0	-536.0	-243.0	-267.0	-230.0	203.0	94.0	-479.0	234.0	541.0	-487.0	-59.0	389.0	661.0	760.0	748.0	274.0	669.0	-179.0	300.0	22.0	209.0	-3.0	58.0	-483.0	529.0	-651.0	437.0	-7.0	750.0	-605.0	389.0	42.0	798.0	-86.0	-321.0	-743.0	-702.0	-205.0	-816.0	181.0	169.0	-294.0	-338.0	-27.0	366.0	157.0	962.0	254.0	8.0	-342.0	176.0	-1212.0	-905.0	726.0	-986.0	-200.0	42.0	-81.0	-1342.0
-832.0	-1089.0	674.0	-229.0	1911.0	64.0	-163.0	-626.0	155.0	-516.0	201.0	-304.0	159.0	671.0	80.0	8269.0	-153.0	-365.0	115.0	339.0	-572.0	349.0	-266.0	600.0	11.0	-282.0	860.0	-1414.0	-647.0	-200.0	97.0	-680.0	-697.0	-247.0	47.0	34.0	-402.0	933.0	338.0	-293.0	-1062.0	-183.0	46.0	79.0	-59.0	48.0	399.0	243.0	475.0	-1067.0	-49.0	451.0	-754.0	582.0	-182.0	595.0	67.0	-697.0	48.0	-429.0	-111.0	270.0	-645.0	-636.0	-952.0	-468.0	374.0	390.0	588.0	-338.0	-135.0	14.0	-505.0	-96.0	93.0	444.0	-399.0	556.0	-72.0	-399.0	-701.0	328.0	81.0	300.0	-1215.0	-357.0	-105.0	49.0	27.0	-311.0	-82.0	-707.0	-535.0	508.0	100.0	331.0	803.0	171.0	521.0	260.0	-307.0	-231.0	-795.0	-46.0	-102.0	57.0	-118.0	78.0	13.0	40.0	-169.0	-206.0	-406.0	92.0	918.0	86.0	-405.0	-236.0	-1029.0	563.0	-893.0	-263.0	224.0	970.0	-638.0	-124.0	-60.0	1114.0	-965.0	55.0	-630.0	195.0	-942.0	423.0	-75.0	93.0	31.0	-684.0	580.0	405.0	-1298.0	-30.0	-175.0	-172.0	-47.0	896.0	98.0	-182.0	-994.0	57.0	-80.0	-320.0	-824.0	568.0	-196.0	-154.0	-330.0	656.0	-326.0	589.0	-275.0	778.0	418.0	-7.0	-54.0	180.0	-628.0	-177.0	237.0	603.0	-16.0	-951.0	78.0	260.0	541.0	356.0	928.0	-1322.0	561.0	402.0	283.0	266.0	165.0	-258.0	775.0	220.0	550.0	846.0	-5.0	-33.0	-139.0	-277.0	576.0	-359.0	172.0	-532.0	789.0	-73.0	-409.0	530.0	234.0	-16.0	251.0	466.0	29.0	257.0	-78.0	1071.0	-477.0	886.0	19.0	-970.0	655.0	-300.0	316.0	641.0	-257.0	26.0	185.0	122.0	-236.0	-243.0	395.0	-145.0	-24.0	783.0	662.0	-614.0	208.0	-190.0	-892.0	104.0	-209.0	-572.0	-705.0	-122.0	-711.0	455.0	236.0	858.0	-11.0	-323.0	681.0	-485.0	-552.0	-689.0	-1053.0	685.0	-358.0	123.0
204.0	390.0	-188.0	303.0	257.0	215.0	218.0	451.0	-461.0	-124.0	-628.0	-383.0	-14.0	-1082.0	46.0	-153.0	8351.0	868.0	312.0	-472.0	39.0	-297.0	704.0	-517.0	-1067.0	691.0	-100.0	-194.0	-7.0	-221.0	-17.0	-200.0	335.0	652.0	-278.0	-581.0	616.0	459.0	-175.0	-331.0	-460.0	106.0	-287.0	-559.0	-296.0	247.0	-553.0	157.0	13.0	-103.0	153.0	-313.0	527.0	538.0	473.0	723.0	488.0	203.0	-344.0	222.0	839.0	81.0	543.0	237.0	-368.0	675.0	-79.0	371.0	173.0	330.0	-236.0	-654.0	159.0	107.0	-383.0	173.0	-431.0	-390.0	-752.0	-55.0	-681.0	-533.0	684.0	-256.0	-460.0	-184.0	-345.0	-683.0	-605.0	-71.0	818.0	777.0	-649.0	275.0	-355.0	20.0	152.0	-468.0	-533.0	-528.0	-43.0	-48.0	-211.0	663.0	764.0	-167.0	-1147.0	177.0	-550.0	-176.0	95.0	628.0	-248.0	-573.0	-660.0	442.0	223.0	477.0	-352.0	-340.0	861.0	-181.0	-680.0	638.0	-67.0	68.0	538.0	-1197.0	553.0	-498.0	58.0	-171.0	488.0	703.0	618.0	-189.0	-321.0	406.0	-122.0	-91.0	-550.0	-931.0	1.0	46.0	141.0	-43.0	-175.0	-192.0	291.0	-1521.0	-376.0	234.0	320.0	590.0	370.0	-165.0	-610.0	381.0	-717.0	874.0	-94.0	-851.0	302.0	-207.0	489.0	81.0	-733.0	-385.0	-145.0	694.0	574.0	-31.0	127.0	442.0	481.0	-682.0	370.0	-287.0	-347.0	-33.0	61.0	314.0	307.0	-203.0	-397.0	-23.0	-499.0	541.0	-728.0	499.0	32.0	619.0	716.0	610.0	1114.0	-216.0	-191.0	598.0	164.0	225.0	-934.0	-1164.0	553.0	-161.0	-973.0	-254.0	-39.0	779.0	-1103.0	-367.0	-407.0	-265.0	358.0	-522.0	-502.0	701.0	125.0	66.0	-773.0	-335.0	519.0	-550.0	915.0	-333.0	1218.0	-329.0	-489.0	12.0	-398.0	-363.0	241.0	729.0	-142.0	102.0	5.0	186.0	169.0	1019.0	-420.0	-665.0	104.0	-548.0	-733.0	505.0	-408.0	-151.0	297.0	-169.0	-39.0	263.0
-271.0	-146.0	-390.0	359.0	34.0	-605.0	-81.0	-748.0	-302.0	-538.0	-14.0	-62.0	-916.0	425.0	109.0	-365.0	868.0	7916.0	-180.0	-348.0	-174.0	462.0	-320.0	-463.0	-349.0	-155.0	991.0	112.0	276.0	-51.0	478.0	-593.0	67.0	353.0	295.0	576.0	-201.0	-185.0	470.0	-622.0	-685.0	-235.0	-212.0	-191.0	-204.0	-247.0	529.0	-467.0	-457.0	-189.0	152.0	-281.0	-410.0	719.0	313.0	46.0	475.0	755.0	141.0	191.0	-259.0	218.0	270.0	-397.0	-19.0	-132.0	836.0	74.0	-107.0	413.0	689.0	3.0	202.0	402.0	438.0	445.0	405.0	-56.0	-555.0	-157.0	271.0	-1127.0	320.0	-79.0	591.0	-574.0	-60.0	308.0	379.0	750.0	791.0	865.0	138.0	-422.0	445.0	-605.0	-14.0	110.0	144.0	154.0	463.0	-389.0	482.0	-102.0	425.0	190.0	302.0	131.0	-440.0	109.0	-746.0	-430.0	531.0	-399.0	-332.0	84.0	252.0	365.0	-36.0	536.0	-790.0	461.0	524.0	19.0	785.0	-135.0	-352.0	-225.0	234.0	86.0	699.0	-719.0	619.0	-301.0	69.0	533.0	-55.0	-933.0	-1543.0	-277.0	108.0	-1285.0	956.0	130.0	440.0	233.0	611.0	-452.0	57.0	183.0	764.0	-423.0	-168.0	214.0	295.0	640.0	-361.0	283.0	-93.0	981.0	-762.0	-471.0	-75.0	549.0	-139.0	-71.0	711.0	-553.0	-167.0	-900.0	647.0	-919.0	-570.0	-357.0	-719.0	-497.0	-1220.0	-367.0	516.0	-197.0	-399.0	-690.0	52.0	184.0	423.0	-474.0	-902.0	102.0	-429.0	-224.0	-732.0	454.0	810.0	-395.0	-149.0	260.0	-348.0	-46.0	-75.0	-383.0	-421.0	-275.0	-186.0	-788.0	-305.0	316.0	58.0	-146.0	-702.0	-1190.0	114.0	-842.0	-208.0	-615.0	64.0	297.0	-210.0	348.0	-102.0	-227.0	-106.0	468.0	1093.0	164.0	490.0	-455.0	-107.0	-260.0	-96.0	-773.0	-870.0	-395.0	226.0	48.0	-466.0	206.0	-152.0	-349.0	446.0	33.0	-684.0	7.0	-552.0	63.0	-899.0	357.0	-402.0	34.0	-488.0	191.0
-1199.0	-750.0	-46.0	-30.0	176.0	-166.0	1178.0	-328.0	-432.0	219.0	146.0	-106.0	946.0	7.0	-192.0	115.0	312.0	-180.0	8105.0	-800.0	-279.0	-597.0	-60.0	-93.0	149.0	369.0	54.0	-859.0	661.0	-497.0	574.0	125.0	293.0	-33.0	1685.0	379.0	324.0	-874.0	-522.0	101.0	-119.0	303.0	-123.0	-39.0	-943.0	-737.0	-835.0	-170.0	505.0	450.0	-640.0	-713.0	-621.0	338.0	200.0	-162.0	477.0	-234.0	-649.0	-620.0	278.0	-222.0	29.0	288.0	54.0	-101.0	674.0	319.0	-727.0	303.0	-237.0	-896.0	476.0	-224.0	-112.0	-670.0	-77.0	-544.0	242.0	475.0	-656.0	-370.0	-159.0	312.0	21.0	590.0	35.0	-591.0	-345.0	684.0	759.0	-780.0	-377.0	323.0	111.0	195.0	261.0	-152.0	-839.0	70.0	548.0	216.0	-470.0	-757.0	166.0	-794.0	906.0	127.0	-311.0	352.0	-150.0	116.0	148.0	323.0	-901.0	-896.0	-510.0	433.0	-914.0	-705.0	-560.0	79.0	-370.0	-1322.0	68.0	-9.0	-559.0	322.0	425.0	-126.0	-241.0	163.0	-1030.0	23.0	-1.0	178.0	513.0	-814.0	727.0	13.0	-467.0	-733.0	-379.0	802.0	59.0	-41.0	-723.0	114.0	16.0	123.0	471.0	713.0	-392.0	-494.0	-529.0	990.0	-44.0	459.0	453.0	226.0	162.0	-686.0	400.0	-354.0	1292.0	-509.0	-453.0	541.0	-767.0	-668.0	-68.0	-456.0	-633.0	-286.0	596.0	-434.0	693.0	-89.0	-386.0	239.0	-321.0	579.0	-508.0	-596.0	-345.0	136.0	-501.0	644.0	18.0	266.0	-75.0	461.0	88.0	62.0	142.0	-156.0	232.0	453.0	242.0	-7.0	406.0	-383.0	150.0	-316.0	100.0	416.0	614.0	55.0	826.0	-244.0	376.0	343.0	-623.0	37.0	810.0	-136.0	214.0	-899.0	-202.0	285.0	418.0	398.0	-197.0	-236.0	-196.0	783.0	-811.0	220.0	-461.0	588.0	214.0	575.0	658.0	-260.0	517.0	15.0	1122.0	342.0	735.0	-911.0	1735.0	-182.0	453.0	-757.0	95.0	844.0	637.0	54.0	-1220.0	202.0
40.0	420.0	64.0	235.0	277.0	463.0	4.0	-333.0	-218.0	-516.0	637.0	-637.0	-50.0	-665.0	750.0	339.0	-472.0	-348.0	-800.0	8215.0	253.0	214.0	-686.0	-602.0	655.0	280.0	-402.0	512.0	-302.0	519.0	124.0	-172.0	-298.0	-185.0	-182.0	-558.0	-633.0	940.0	756.0	166.0	-1151.0	-30.0	-307.0	-518.0	-22.0	275.0	25.0	785.0	-257.0	286.0	-168.0	-285.0	304.0	-51.0	217.0	-455.0	168.0	-518.0	-559.0	-447.0	-385.0	-242.0	278.0	279.0	290.0	260.0	109.0	62.0	-336.0	-239.0	-427.0	-649.0	-168.0	-472.0	104.0	-254.0	543.0	74.0	-314.0	113.0	-142.0	966.0	337.0	24.0	-968.0	312.0	145.0	322.0	-125.0	-647.0	-406.0	-633.0	-67.0	373.0	-274.0	471.0	330.0	-103.0	409.0	559.0	-1048.0	1119.0	64.0	-219.0	181.0	566.0	-627.0	1285.0	-898.0	-413.0	-490.0	143.0	446.0	430.0	571.0	437.0	-556.0	-190.0	614.0	816.0	707.0	-154.0	-74.0	442.0	231.0	-203.0	996.0	604.0	-599.0	-753.0	-741.0	205.0	314.0	277.0	297.0	-485.0	-545.0	-369.0	540.0	-188.0	750.0	-433.0	182.0	-426.0	-134.0	208.0	-347.0	-436.0	225.0	66.0	-314.0	-670.0	941.0	-306.0	-223.0	-165.0	-279.0	-0.0	51.0	-756.0	1093.0	-532.0	96.0	298.0	-156.0	184.0	779.0	891.0	-326.0	940.0	-706.0	691.0	73.0	169.0	-732.0	297.0	-388.0	444.0	778.0	605.0	181.0	821.0	62.0	74.0	-559.0	-187.0	18.0	-912.0	-602.0	-699.0	297.0	300.0	-383.0	178.0	8.0	-316.0	-962.0	-913.0	-686.0	318.0	-170.0	33.0	387.0	637.0	-67.0	383.0	-366.0	-399.0	205.0	-44.0	171.0	64.0	291.0	-180.0	136.0	-314.0	444.0	586.0	-464.0	-911.0	-110.0	896.0	350.0	173.0	-49.0	-716.0	801.0	1208.0	-877.0	187.0	492.0	-1369.0	467.0	850.0	-1133.0	167.0	742.0	-625.0	-613.0	218.0	-133.0	379.0	-315.0	425.0	41.0	130.0	750.0	-542.0	376.0	-1007.0
292.0	441.0	-178.0	-168.0	170.0	-1428.0	-540.0	424.0	337.0	171.0	94.0	178.0	225.0	-313.0	110.0	-572.0	39.0	-174.0	-279.0	253.0	8613.0	59.0	-184.0	628.0	-107.0	131.0	403.0	577.0	69.0	296.0	368.0	563.0	-301.0	-861.0	727.0	657.0	236.0	-1095.0	-174.0	-89.0	-148.0	129.0	816.0	-1151.0	130.0	-746.0	91.0	544.0	-551.0	118.0	-261.0	-176.0	262.0	-322.0	1196.0	-194.0	-62.0	571.0	-272.0	121.0	14.0	158.0	-856.0	-333.0	156.0	-31.0	-211.0	269.0	125.0	1093.0	557.0	-433.0	-774.0	-667.0	1293.0	-1045.0	343.0	-388.0	-639.0	108.0	-801.0	-240.0	-1132.0	192.0	-472.0	-15.0	98.0	-301.0	-644.0	-657.0	-412.0	332.0	772.0	-158.0	70.0	-457.0	-690.0	655.0	448.0	-283.0	-108.0	-103.0	391.0	-252.0	-890.0	274.0	-173.0	81.0	-581.0	-522.0	1320.0	740.0	-128.0	-69.0	453.0	370.0	483.0	530.0	-20.0	176.0	322.0	297.0	-535.0	-809.0	-62.0	776.0	203.0	-290.0	-215.0	-476.0	-677.0	-437.0	-141.0	-429.0	281.0	-686.0	-195.0	597.0	-165.0	-64.0	572.0	-465.0	8.0	315.0	496.0	-502.0	932.0	645.0	143.0	488.0	675.0	333.0	131.0	904.0	333.0	0.0	543.0	214.0	-151.0	579.0	-1.0	-408.0	-643.0	41.0	-142.0	-320.0	-200.0	-177.0	1104.0	-173.0	-464.0	295.0	-365.0	514.0	-575.0	1262.0	-422.0	-923.0	-377.0	-559.0	-608.0	360.0	140.0	-604.0	376.0	-940.0	1227.0	-88.0	-655.0	127.0	736.0	-149.0	-779.0	-149.0	894.0	-215.0	-201.0	-459.0	687.0	-254.0	-224.0	-171.0	614.0	784.0	-1618.0	-558.0	-78.0	-438.0	646.0	350.0	48.0	25.0	-66.0	-159.0	339.0	-91.0	-444.0	545.0	-181.0	17.0	-401.0	-189.0	-920.0	204.0	-233.0	11.0	-249.0	-792.0	364.0	841.0	318.0	-248.0	162.0	324.0	938.0	1445.0	236.0	-31.0	-635.0	-4.0	399.0	241.0	-342.0	1106.0	435.0	-614.0	-75.0	806.0	165.0	-180.0
-264.0	492.0	241.0	905.0	32.0	-125.0	-519.0	-717.0	491.0	-853.0	889.0	244.0	242.0	704.0	324.0	349.0	-297.0	462.0	-597.0	214.0	59.0	7942.0	-877.0	-494.0	330.0	852.0	-1010.0	738.0	-766.0	661.0	474.0	152.0	-422.0	-24.0	-241.0	-491.0	-233.0	844.0	-192.0	-370.0	189.0	63.0	132.0	838.0	-493.0	-251.0	-284.0	458.0	-178.0	919.0	43.0	763.0	604.0	948.0	382.0	-199.0	-725.0	-432.0	597.0	-644.0	-733.0	-739.0	301.0	-251.0	502.0	-28.0	-381.0	-671.0	-779.0	99.0	389.0	-220.0	448.0	870.0	431.0	1332.0	385.0	507.0	118.0	-30.0	888.0	-38.0	-539.0	-96.0	25.0	408.0	412.0	242.0	-143.0	-556.0	-799.0	69.0	-12.0	-278.0	-55.0	-291.0	-261.0	-681.0	-386.0	-447.0	-961.0	449.0	615.0	-487.0	-59.0	-186.0	93.0	-391.0	-701.0	-899.0	-987.0	334.0	-194.0	1353.0	-77.0	-78.0	840.0	-123.0	-490.0	774.0	-579.0	153.0	-48.0	407.0	280.0	-75.0	-1325.0	-79.0	-275.0	465.0	184.0	-202.0	-184.0	56.0	-1047.0	-23.0	-19.0	119.0	471.0	426.0	331.0	160.0	-59.0	-391.0	590.0	33.0	724.0	-450.0	-31.0	-488.0	736.0	686.0	-150.0	376.0	277.0	-645.0	817.0	-85.0	327.0	-347.0	79.0	122.0	-78.0	-187.0	669.0	-69.0	-91.0	-103.0	-714.0	-152.0	290.0	371.0	-71.0	146.0	-41.0	1035.0	-157.0	413.0	581.0	-769.0	-789.0	-196.0	492.0	-715.0	481.0	-197.0	-689.0	-1161.0	174.0	-291.0	-324.0	-533.0	-489.0	-430.0	257.0	658.0	-322.0	-92.0	493.0	-942.0	135.0	-220.0	-49.0	-354.0	259.0	996.0	-543.0	259.0	-176.0	31.0	18.0	359.0	108.0	-95.0	-476.0	-671.0	201.0	223.0	13.0	0.0	-583.0	-490.0	-3.0	-673.0	-81.0	-170.0	-366.0	-882.0	-1158.0	-98.0	31.0	293.0	-55.0	870.0	741.0	609.0	-114.0	-285.0	-529.0	269.0	192.0	370.0	-94.0	581.0	588.0	1136.0	-37.0	63.0	-611.0	781.0
678.0	-338.0	-30.0	-252.0	28.0	-458.0	65.0	57.0	284.0	-54.0	-404.0	142.0	-269.0	-753.0	194.0	-266.0	704.0	-320.0	-60.0	-686.0	-184.0	-877.0	7208.0	-539.0	18.0	-29.0	80.0	217.0	-787.0	-10.0	-593.0	378.0	-475.0	254.0	357.0	100.0	582.0	-366.0	-784.0	183.0	181.0	653.0	124.0	-201.0	-268.0	-124.0	-1007.0	270.0	1128.0	-458.0	187.0	-250.0	261.0	-152.0	-82.0	671.0	-107.0	17.0	1141.0	44.0	100.0	968.0	-686.0	-956.0	628.0	149.0	-1190.0	419.0	30.0	-93.0	-261.0	-185.0	-23.0	-321.0	-143.0	-98.0	-731.0	-507.0	779.0	175.0	452.0	221.0	-280.0	489.0	270.0	25.0	-1030.0	-91.0	685.0	-861.0	128.0	173.0	-491.0	-523.0	-86.0	-876.0	90.0	-157.0	-1076.0	555.0	-644.0	-624.0	1363.0	434.0	145.0	244.0	-995.0	247.0	-215.0	270.0	-78.0	358.0	-141.0	-301.0	435.0	86.0	269.0	-62.0	223.0	544.0	-311.0	324.0	82.0	-323.0	-338.0	-372.0	326.0	75.0	286.0	-721.0	-165.0	-501.0	623.0	20.0	1095.0	-336.0	-650.0	306.0	-66.0	404.0	566.0	-184.0	420.0	-557.0	-856.0	-302.0	-205.0	-548.0	-135.0	-1296.0	383.0	767.0	86.0	-35.0	668.0	-268.0	-123.0	-377.0	-806.0	728.0	36.0	-292.0	-54.0	-213.0	275.0	91.0	54.0	303.0	-690.0	183.0	-575.0	-320.0	479.0	702.0	-88.0	-81.0	526.0	-36.0	-710.0	-61.0	171.0	709.0	169.0	609.0	-579.0	-993.0	-559.0	398.0	-996.0	-907.0	-295.0	-220.0	-318.0	-180.0	219.0	-657.0	403.0	264.0	718.0	509.0	-72.0	652.0	-1307.0	71.0	427.0	161.0	-70.0	-363.0	-116.0	-313.0	338.0	610.0	-514.0	-523.0	531.0	310.0	897.0	20.0	28.0	-295.0	397.0	-575.0	459.0	-381.0	622.0	-769.0	-745.0	-205.0	296.0	-438.0	-396.0	680.0	493.0	78.0	-252.0	-357.0	257.0	400.0	-393.0	255.0	-471.0	58.0	243.0	-317.0	-162.0	-186.0	-557.0	-369.0	-20.0	67.0
-642.0	119.0	519.0	1271.0	763.0	-614.0	381.0	-334.0	254.0	863.0	-481.0	21.0	241.0	18.0	255.0	600.0	-517.0	-463.0	-93.0	-602.0	628.0	-494.0	-539.0	8540.0	-60.0	234.0	598.0	-427.0	-658.0	-329.0	77.0	-333.0	-242.0	489.0	489.0	64.0	-486.0	-921.0	-50.0	671.0	638.0	-802.0	538.0	757.0	-75.0	493.0	32.0	-138.0	-702.0	1167.0	126.0	-141.0	-333.0	-1105.0	-654.0	-443.0	188.0	-391.0	803.0	-106.0	351.0	-322.0	679.0	-377.0	229.0	109.0	-254.0	863.0	467.0	244.0	725.0	188.0	346.0	204.0	372.0	-164.0	-289.0	-796.0	-162.0	562.0	-88.0	-205.0	-178.0	-22.0	-1232.0	606.0	-638.0	317.0	-84.0	-464.0	-245.0	1434.0	1.0	403.0	-496.0	-466.0	47.0	135.0	-10.0	-207.0	-415.0	-838.0	-1157.0	787.0	429.0	-68.0	516.0	-1508.0	458.0	-715.0	1182.0	-758.0	686.0	183.0	145.0	417.0	-681.0	-709.0	82.0	-263.0	-264.0	470.0	-1297.0	17.0	260.0	-127.0	238.0	-532.0	421.0	483.0	275.0	392.0	-337.0	-161.0	200.0	-522.0	-37.0	-796.0	-563.0	-38.0	-171.0	-103.0	-259.0	351.0	-135.0	-548.0	-714.0	125.0	264.0	851.0	-522.0	-412.0	-572.0	-509.0	-86.0	-215.0	418.0	-642.0	193.0	218.0	828.0	726.0	120.0	197.0	337.0	-335.0	-208.0	-1033.0	-916.0	224.0	541.0	-546.0	805.0	-776.0	227.0	361.0	-98.0	411.0	131.0	-353.0	496.0	57.0	513.0	724.0	324.0	236.0	-210.0	-164.0	369.0	-589.0	502.0	-369.0	-775.0	-171.0	-299.0	-816.0	-881.0	-244.0	-415.0	26.0	386.0	319.0	1551.0	-170.0	-937.0	-121.0	-146.0	-1492.0	679.0	-309.0	626.0	-649.0	286.0	335.0	358.0	-602.0	-257.0	-967.0	-5.0	429.0	-719.0	431.0	-46.0	-320.0	-726.0	-441.0	67.0	664.0	-360.0	-558.0	365.0	315.0	114.0	-339.0	200.0	-290.0	695.0	-558.0	-314.0	905.0	-450.0	-369.0	95.0	127.0	518.0	197.0	-57.0	-208.0	-120.0	-348.0
-203.0	-225.0	620.0	-215.0	40.0	-1202.0	490.0	231.0	450.0	-353.0	122.0	312.0	553.0	170.0	97.0	11.0	-1067.0	-349.0	149.0	655.0	-107.0	330.0	18.0	-60.0	8191.0	68.0	-242.0	92.0	-988.0	-961.0	1122.0	1239.0	159.0	415.0	511.0	957.0	-644.0	-51.0	491.0	-356.0	14.0	-373.0	158.0	-443.0	605.0	837.0	49.0	574.0	754.0	-45.0	91.0	-23.0	280.0	543.0	216.0	170.0	739.0	-520.0	583.0	-30.0	-513.0	-431.0	17.0	293.0	-60.0	-361.0	-213.0	313.0	-331.0	-575.0	-562.0	472.0	-13.0	-235.0	-64.0	327.0	121.0	587.0	207.0	-273.0	-740.0	477.0	-439.0	484.0	-230.0	324.0	150.0	118.0	701.0	-770.0	1531.0	-680.0	-929.0	-14.0	-653.0	-122.0	730.0	-601.0	-237.0	3.0	-383.0	120.0	45.0	-516.0	251.0	119.0	-146.0	-326.0	-40.0	-330.0	-102.0	-64.0	759.0	1040.0	-1180.0	-421.0	-370.0	-290.0	-429.0	181.0	-143.0	577.0	-188.0	177.0	-217.0	-414.0	-1028.0	601.0	-684.0	806.0	391.0	-535.0	-290.0	-932.0	534.0	65.0	47.0	-1404.0	448.0	38.0	-153.0	-511.0	430.0	124.0	-1177.0	668.0	-850.0	107.0	882.0	439.0	-124.0	482.0	598.0	414.0	735.0	-496.0	-46.0	28.0	2.0	-715.0	888.0	-621.0	30.0	-399.0	352.0	743.0	66.0	1528.0	-678.0	380.0	179.0	-283.0	-225.0	814.0	-655.0	310.0	821.0	432.0	-371.0	-426.0	388.0	-100.0	-574.0	-506.0	686.0	469.0	15.0	-500.0	910.0	-1404.0	959.0	-304.0	-222.0	350.0	89.0	136.0	-565.0	-461.0	309.0	-921.0	424.0	632.0	529.0	-317.0	276.0	1025.0	-13.0	-100.0	190.0	-653.0	849.0	643.0	323.0	-262.0	-1015.0	-739.0	-559.0	-327.0	-297.0	489.0	-99.0	248.0	-138.0	-409.0	-816.0	1033.0	860.0	-570.0	-315.0	276.0	59.0	-377.0	-453.0	377.0	102.0	-206.0	-95.0	-144.0	-592.0	-531.0	-653.0	-44.0	142.0	-489.0	833.0	-33.0	109.0	197.0	-114.0	-300.0
