7824.0	243.0	-59.0	-792.0	456.0	509.0	616.0	232.0	538.0	393.0	72.0	-750.0	868.0	187.0	312.0	557.0	321.0	-302.0	-1036.0	204.0	-295.0	-131.0	-225.0	411.0	160.0	631.0	-480.0	-411.0	-501.0	-35.0	-613.0	655.0	-61.0	600.0	-987.0	-813.0	-104.0	907.0	1314.0	-312.0	-1383.0	-1699.0	-196.0	167.0	86.0	-93.0	781.0	391.0	768.0	-46.0	-22.0	959.0	1388.0	-372.0	-886.0	451.0	-691.0	-162.0	-774.0	-1326.0	1287.0	-89.0	261.0	675.0	253.0	16.0	336.0	-501.0	-1498.0	208.0	869.0	18.0	134.0	22.0	-409.0	76.0	-1345.0	373.0	372.0	-115.0	-1129.0	-11.0	143.0	628.0	-480.0	42.0	485.0	9.0	-120.0	169.0	-139.0	-1494.0	-218.0	411.0	-258.0	1135.0	-153.0	129.0	611.0	-841.0	256.0	871.0	257.0	-509.0	606.0	417.0	-776.0	198.0	336.0	32.0	-205.0	-479.0	78.0	643.0	14.0	-456.0	1240.0	862.0	373.0	-496.0	223.0	593.0	286.0	318.0	-1086.0	336.0	278.0	81.0	294.0	672.0	144.0	959.0	-480.0	-659.0	-501.0	416.0	-264.0	17.0	-139.0	-263.0	-510.0	-45.0	512.0	-841.0	475.0	385.0	769.0	375.0	-269.0	511.0	220.0	-444.0	113.0	154.0	-73.0	67.0	468.0	310.0	459.0	-838.0	197.0	103.0	-404.0	-168.0	247.0	266.0	228.0	536.0	254.0	-761.0	125.0	253.0	627.0	-138.0	-534.0	914.0	102.0	-132.0	544.0	525.0	-327.0	-236.0	115.0	-579.0	-189.0	53.0	-212.0	204.0	294.0	161.0	-216.0	-163.0	28.0	410.0	637.0	-258.0	-28.0	193.0	-117.0	-260.0	720.0	1072.0	512.0	76.0	-483.0	567.0	572.0	-74.0	569.0	-76.0	345.0	-207.0	117.0	158.0	-454.0	-300.0	623.0	484.0	-359.0	-541.0	179.0	511.0	523.0	-844.0	653.0	891.0	443.0	-674.0	-110.0	198.0	-139.0	1125.0	-25.0	262.0	1134.0	-590.0	787.0	380.0	820.0	142.0	898.0	1163.0	165.0	-44.0	-105.0	-565.0	233.0	114.0	-63.0	452.0
243.0	8065.0	354.0	617.0	-715.0	-136.0	528.0	711.0	1704.0	55.0	544.0	-362.0	-56.0	-616.0	-679.0	527.0	666.0	-66.0	311.0	448.0	-107.0	-1041.0	-530.0	1023.0	-846.0	-650.0	724.0	-69.0	-489.0	-559.0	-190.0	-593.0	364.0	623.0	-607.0	-342.0	254.0	-362.0	222.0	253.0	418.0	-1060.0	-317.0	-1144.0	-237.0	-669.0	510.0	257.0	173.0	-329.0	-517.0	705.0	-450.0	-875.0	-255.0	-437.0	625.0	413.0	-311.0	-350.0	87.0	79.0	-734.0	40.0	133.0	788.0	-539.0	-890.0	-511.0	-283.0	-117.0	-193.0	1009.0	-236.0	-1130.0	-791.0	110.0	-1184.0	-47.0	650.0	-321.0	679.0	254.0	-846.0	-475.0	-111.0	478.0	-862.0	-334.0	-666.0	-1047.0	-480.0	-317.0	993.0	21.0	724.0	359.0	436.0	-122.0	31.0	247.0	415.0	-550.0	-437.0	90.0	229.0	81.0	486.0	244.0	-247.0	627.0	255.0	-343.0	471.0	58.0	-56.0	413.0	304.0	146.0	148.0	-800.0	300.0	3.0	-492.0	742.0	321.0	161.0	-60.0	124.0	-272.0	-467.0	-32.0	-480.0	-556.0	126.0	-532.0	-71.0	220.0	-414.0	-202.0	69.0	62.0	1035.0	89.0	-510.0	-988.0	154.0	912.0	-142.0	-1197.0	233.0	-33.0	891.0	-228.0	597.0	-406.0	-328.0	39.0	701.0	-988.0	-430.0	-873.0	199.0	595.0	1264.0	-148.0	-584.0	-421.0	1164.0	-306.0	393.0	-957.0	53.0	495.0	45.0	-574.0	-210.0	88.0	459.0	297.0	-823.0	-711.0	133.0	497.0	258.0	-1119.0	-84.0	156.0	136.0	721.0	22.0	792.0	524.0	-1392.0	-427.0	-326.0	-313.0	-85.0	651.0	311.0	-160.0	198.0	808.0	208.0	87.0	165.0	-432.0	1143.0	-99.0	174.0	716.0	-290.0	-287.0	-15.0	-200.0	-1.0	223.0	-246.0	-512.0	352.0	137.0	-16.0	809.0	878.0	-242.0	-420.0	-679.0	-865.0	-566.0	-318.0	-579.0	-612.0	-16.0	-303.0	-502.0	-93.0	-69.0	213.0	-342.0	-813.0	206.0	398.0	344.0	73.0	384.0	1221.0	202.0	194.0	1219.0	231.0
-59.0	354.0	8450.0	-103.0	-535.0	229.0	-439.0	508.0	900.0	-986.0	519.0	241.0	37.0	-564.0	-663.0	-694.0	-345.0	-582.0	-114.0	377.0	210.0	31.0	268.0	-229.0	152.0	-49.0	-72.0	271.0	-271.0	-760.0	849.0	471.0	-189.0	1013.0	322.0	-942.0	1015.0	-534.0	183.0	912.0	-16.0	195.0	277.0	-520.0	366.0	-629.0	-182.0	45.0	-1517.0	-470.0	211.0	-212.0	-721.0	348.0	-81.0	-17.0	-609.0	-34.0	348.0	-207.0	351.0	27.0	-824.0	736.0	-528.0	572.0	-532.0	899.0	113.0	-644.0	-151.0	-334.0	-1102.0	297.0	-799.0	-34.0	411.0	313.0	16.0	249.0	337.0	1267.0	-1137.0	-192.0	805.0	-791.0	-77.0	170.0	-516.0	-261.0	-11.0	127.0	-91.0	492.0	37.0	1066.0	-652.0	-768.0	136.0	64.0	-190.0	273.0	974.0	641.0	-245.0	-839.0	-204.0	1118.0	298.0	-166.0	-577.0	-951.0	107.0	204.0	193.0	763.0	-255.0	-1589.0	-809.0	-138.0	141.0	559.0	40.0	-68.0	-806.0	501.0	552.0	471.0	-493.0	318.0	-1169.0	444.0	361.0	176.0	749.0	-379.0	-798.0	636.0	-465.0	-230.0	-1349.0	198.0	-214.0	-395.0	-907.0	-98.0	-2.0	296.0	-1244.0	203.0	-163.0	-1028.0	93.0	444.0	-209.0	-156.0	108.0	143.0	380.0	1387.0	304.0	315.0	1094.0	-976.0	555.0	-523.0	474.0	-172.0	239.0	791.0	290.0	-449.0	-387.0	588.0	163.0	-795.0	160.0	-1151.0	-216.0	-849.0	-1245.0	-506.0	-114.0	1158.0	672.0	-102.0	1028.0	-343.0	47.0	68.0	-258.0	484.0	1102.0	130.0	-978.0	390.0	-290.0	-509.0	-102.0	227.0	-531.0	-1284.0	805.0	339.0	235.0	446.0	1307.0	635.0	322.0	488.0	-161.0	402.0	-274.0	324.0	-392.0	-152.0	-52.0	-390.0	467.0	460.0	92.0	-139.0	-87.0	-288.0	728.0	-631.0	106.0	-1035.0	171.0	-248.0	-359.0	174.0	803.0	658.0	-220.0	-565.0	-276.0	4.0	1310.0	150.0	-1173.0	-134.0	-727.0	259.0	19.0	190.0	749.0	-408.0	-410.0	-1315.0
-792.0	617.0	-103.0	9220.0	-714.0	-551.0	-68.0	-103.0	160.0	172.0	-327.0	-530.0	-81.0	-155.0	51.0	-12.0	343.0	1030.0	130.0	289.0	-115.0	-143.0	-525.0	699.0	-3.0	981.0	-243.0	-382.0	-352.0	-462.0	-9.0	-331.0	-390.0	-679.0	451.0	-246.0	-348.0	-1140.0	-316.0	-255.0	424.0	-587.0	29.0	-359.0	581.0	-701.0	-1125.0	-501.0	270.0	-719.0	-65.0	651.0	-265.0	1048.0	265.0	-177.0	-508.0	-263.0	441.0	786.0	-160.0	836.0	500.0	-206.0	-237.0	-1351.0	-865.0	130.0	-442.0	658.0	-273.0	391.0	-126.0	678.0	322.0	-135.0	1155.0	-796.0	-120.0	404.0	-653.0	352.0	1380.0	-674.0	-534.0	5.0	-85.0	-563.0	-924.0	908.0	-460.0	91.0	770.0	-695.0	293.0	-285.0	342.0	-77.0	-358.0	43.0	-1221.0	-613.0	-690.0	363.0	-1066.0	12.0	267.0	1270.0	964.0	-4.0	663.0	490.0	790.0	-289.0	-812.0	50.0	-543.0	-225.0	-468.0	-136.0	843.0	-68.0	-228.0	-400.0	671.0	285.0	-108.0	-154.0	549.0	-431.0	-151.0	129.0	-608.0	190.0	-522.0	154.0	-146.0	7.0	-48.0	241.0	467.0	-602.0	105.0	503.0	62.0	-35.0	-206.0	-55.0	405.0	-316.0	213.0	1402.0	430.0	-551.0	-74.0	-31.0	-163.0	658.0	-323.0	205.0	518.0	-181.0	555.0	-41.0	183.0	681.0	-1151.0	218.0	-33.0	-491.0	-272.0	-491.0	990.0	471.0	192.0	-785.0	-1012.0	-986.0	866.0	-42.0	-722.0	-211.0	1719.0	-133.0	-537.0	-555.0	98.0	357.0	159.0	583.0	-363.0	14.0	-155.0	-648.0	366.0	-900.0	-362.0	-589.0	248.0	-32.0	-705.0	-544.0	-654.0	-717.0	201.0	-481.0	-33.0	36.0	164.0	187.0	-71.0	-765.0	643.0	-544.0	-97.0	908.0	176.0	230.0	212.0	-80.0	-383.0	135.0	348.0	232.0	288.0	400.0	-383.0	-257.0	453.0	-492.0	397.0	-91.0	-939.0	-442.0	-566.0	70.0	-236.0	-172.0	-228.0	-1204.0	-26.0	66.0	-486.0	-535.0	208.0	742.0	-866.0	-214.0	-1438.0	507.0
456.0	-715.0	-535.0	-714.0	8683.0	516.0	-319.0	-412.0	-811.0	610.0	129.0	-170.0	175.0	557.0	484.0	-284.0	7.0	-726.0	-472.0	129.0	-695.0	8.0	658.0	-439.0	105.0	53.0	101.0	718.0	-634.0	418.0	-224.0	465.0	-835.0	-324.0	-993.0	-167.0	1275.0	1076.0	-87.0	-14.0	535.0	-403.0	224.0	-1372.0	-1092.0	333.0	837.0	36.0	-62.0	-227.0	248.0	-194.0	820.0	0.0	-448.0	-494.0	-663.0	-647.0	-699.0	323.0	1072.0	-192.0	425.0	-443.0	-266.0	1169.0	811.0	116.0	-733.0	154.0	-882.0	598.0	-578.0	-919.0	-135.0	25.0	-1311.0	155.0	-811.0	-189.0	261.0	342.0	-119.0	-284.0	-96.0	-355.0	259.0	-316.0	-513.0	363.0	344.0	128.0	364.0	-10.0	-22.0	-1082.0	332.0	922.0	419.0	458.0	96.0	851.0	-22.0	377.0	-412.0	-115.0	240.0	-176.0	-267.0	-555.0	266.0	-844.0	1188.0	54.0	242.0	-17.0	-239.0	690.0	803.0	399.0	-192.0	-1313.0	290.0	742.0	126.0	-371.0	58.0	614.0	625.0	167.0	-63.0	-6.0	29.0	-290.0	146.0	-73.0	-193.0	-439.0	321.0	-749.0	813.0	-172.0	-258.0	-846.0	-651.0	-92.0	640.0	-808.0	425.0	-497.0	-869.0	730.0	-337.0	1204.0	-1209.0	1049.0	-168.0	1115.0	-156.0	56.0	23.0	-314.0	325.0	506.0	-93.0	-264.0	467.0	353.0	-604.0	-102.0	-798.0	-285.0	-767.0	-605.0	-305.0	253.0	17.0	-235.0	-114.0	325.0	645.0	-255.0	-784.0	-103.0	257.0	58.0	826.0	-15.0	114.0	-303.0	1194.0	47.0	-154.0	1062.0	677.0	966.0	-125.0	-313.0	456.0	-213.0	919.0	-535.0	527.0	207.0	-142.0	-69.0	67.0	567.0	-856.0	930.0	-688.0	-661.0	65.0	287.0	701.0	89.0	1525.0	-903.0	-305.0	-219.0	103.0	477.0	-22.0	-309.0	410.0	1146.0	739.0	1009.0	-214.0	681.0	401.0	561.0	-163.0	326.0	174.0	422.0	180.0	406.0	-606.0	-399.0	230.0	-160.0	746.0	-27.0	-219.0	367.0	-102.0	406.0	-638.0	317.0
509.0	-136.0	229.0	-551.0	516.0	8220.0	930.0	-896.0	-599.0	448.0	-136.0	-49.0	420.0	-334.0	-146.0	-389.0	-508.0	1509.0	639.0	367.0	-342.0	-377.0	-122.0	523.0	582.0	230.0	-687.0	711.0	-1452.0	721.0	-694.0	-286.0	-316.0	806.0	17.0	-480.0	-87.0	-172.0	-253.0	984.0	-573.0	-705.0	604.0	-392.0	62.0	-266.0	143.0	291.0	-1124.0	-180.0	211.0	-283.0	46.0	-801.0	-48.0	111.0	-1186.0	-1089.0	-672.0	496.0	200.0	-218.0	125.0	304.0	-4.0	-377.0	-204.0	-685.0	785.0	-564.0	-650.0	172.0	483.0	-401.0	-41.0	-6.0	-404.0	-276.0	-1110.0	-292.0	-609.0	-85.0	-85.0	4.0	133.0	-410.0	-103.0	580.0	120.0	-379.0	480.0	-488.0	3.0	-308.0	-3.0	497.0	66.0	355.0	1380.0	-144.0	-65.0	327.0	-722.0	-929.0	-351.0	-326.0	457.0	199.0	582.0	-272.0	120.0	-617.0	264.0	-359.0	-1153.0	372.0	528.0	150.0	113.0	218.0	583.0	103.0	105.0	285.0	480.0	444.0	210.0	-601.0	489.0	-389.0	1095.0	711.0	656.0	-434.0	548.0	402.0	510.0	-77.0	-114.0	341.0	167.0	-419.0	-224.0	315.0	189.0	-421.0	221.0	-252.0	261.0	374.0	308.0	186.0	-352.0	196.0	-31.0	141.0	-734.0	-385.0	975.0	92.0	262.0	-641.0	199.0	584.0	-475.0	-59.0	-621.0	-226.0	-687.0	-269.0	752.0	519.0	-1302.0	-639.0	-29.0	255.0	-144.0	-549.0	256.0	601.0	-192.0	66.0	97.0	-452.0	477.0	163.0	-325.0	-525.0	432.0	434.0	-111.0	536.0	-579.0	96.0	256.0	-351.0	-251.0	917.0	-496.0	-611.0	913.0	-88.0	720.0	105.0	-73.0	-583.0	-548.0	178.0	1197.0	534.0	-321.0	-359.0	-184.0	-7.0	-689.0	-33.0	848.0	422.0	-439.0	-632.0	1071.0	840.0	308.0	-128.0	-149.0	-559.0	-311.0	-466.0	-683.0	-332.0	682.0	-951.0	91.0	794.0	-172.0	-529.0	-95.0	-717.0	270.0	-301.0	928.0	208.0	-534.0	457.0	-834.0	-36.0	159.0	1008.0	-538.0	372.0
616.0	528.0	-439.0	-68.0	-319.0	930.0	8781.0	-183.0	478.0	-151.0	871.0	-719.0	-180.0	-638.0	214.0	-729.0	-563.0	407.0	-748.0	0.0	522.0	-1128.0	877.0	69.0	-177.0	110.0	-179.0	14.0	-201.0	77.0	-97.0	131.0	67.0	14.0	-811.0	241.0	67.0	-90.0	380.0	-458.0	-117.0	-746.0	-561.0	306.0	731.0	-371.0	970.0	-7.0	-297.0	-868.0	58.0	48.0	189.0	-683.0	442.0	76.0	-128.0	-975.0	243.0	-129.0	903.0	-775.0	792.0	332.0	-856.0	302.0	284.0	81.0	383.0	-85.0	28.0	-30.0	-399.0	-42.0	-121.0	87.0	-321.0	-330.0	515.0	1107.0	-120.0	-1146.0	152.0	63.0	386.0	-767.0	225.0	1050.0	348.0	14.0	-606.0	-1428.0	-589.0	707.0	-931.0	1298.0	97.0	261.0	593.0	395.0	385.0	564.0	-448.0	352.0	228.0	1121.0	58.0	-127.0	948.0	752.0	624.0	-182.0	-285.0	86.0	711.0	-2003.0	-587.0	466.0	53.0	-737.0	-156.0	1255.0	471.0	769.0	-706.0	99.0	5.0	509.0	591.0	41.0	706.0	61.0	409.0	-373.0	467.0	-49.0	176.0	-947.0	-224.0	-159.0	-894.0	369.0	934.0	-400.0	-667.0	-260.0	-230.0	777.0	-866.0	-140.0	433.0	536.0	163.0	-510.0	-134.0	461.0	-179.0	883.0	-230.0	28.0	628.0	-539.0	-1145.0	232.0	-94.0	83.0	-828.0	550.0	-337.0	-233.0	61.0	402.0	399.0	-533.0	931.0	-252.0	-279.0	-416.0	557.0	293.0	353.0	-25.0	105.0	-732.0	-241.0	-1266.0	648.0	1065.0	-521.0	-16.0	588.0	-455.0	-1160.0	131.0	213.0	-695.0	513.0	485.0	-379.0	352.0	-126.0	-789.0	623.0	-1329.0	304.0	871.0	-208.0	-948.0	62.0	-241.0	121.0	37.0	229.0	-121.0	-287.0	-6.0	504.0	-287.0	894.0	-677.0	278.0	421.0	144.0	-828.0	547.0	490.0	-343.0	-213.0	271.0	-403.0	838.0	-413.0	-119.0	751.0	1104.0	403.0	1347.0	-14.0	1.0	195.0	1411.0	802.0	410.0	423.0	-644.0	131.0	-275.0	-313.0	-272.0	-17.0
232.0	711.0	508.0	-103.0	-412.0	-896.0	-183.0	8158.0	728.0	-941.0	680.0	-57.0	-202.0	-117.0	-40.0	406.0	129.0	-470.0	57.0	-583.0	-98.0	889.0	613.0	48.0	-457.0	267.0	406.0	934.0	338.0	-340.0	100.0	-128.0	117.0	454.0	-966.0	709.0	-135.0	-409.0	-713.0	798.0	-425.0	-1020.0	359.0	-1382.0	365.0	-155.0	15.0	-94.0	800.0	-645.0	-50.0	1531.0	509.0	49.0	-474.0	112.0	824.0	930.0	-355.0	-314.0	190.0	-485.0	213.0	153.0	-354.0	-737.0	167.0	233.0	143.0	-70.0	805.0	-175.0	-104.0	561.0	-732.0	-574.0	-352.0	-469.0	302.0	-271.0	58.0	224.0	-618.0	-69.0	842.0	-292.0	-340.0	-872.0	-186.0	108.0	913.0	-28.0	433.0	169.0	-1106.0	710.0	-400.0	-544.0	-200.0	-186.0	1381.0	9.0	265.0	399.0	-272.0	386.0	759.0	452.0	-11.0	209.0	-607.0	938.0	-42.0	-388.0	-174.0	-357.0	1008.0	-408.0	217.0	-132.0	-133.0	407.0	-520.0	-320.0	-763.0	-284.0	19.0	-1190.0	-879.0	-331.0	-523.0	-1235.0	-18.0	280.0	677.0	473.0	-178.0	84.0	-376.0	23.0	-182.0	169.0	-726.0	-272.0	-586.0	419.0	305.0	120.0	473.0	-461.0	429.0	-65.0	208.0	-38.0	-108.0	453.0	197.0	915.0	472.0	-593.0	364.0	1094.0	-439.0	834.0	-185.0	686.0	102.0	675.0	351.0	697.0	-1100.0	-168.0	-245.0	617.0	622.0	560.0	-283.0	100.0	105.0	477.0	-832.0	-386.0	-149.0	892.0	277.0	221.0	724.0	-179.0	543.0	275.0	-612.0	-119.0	-206.0	497.0	-467.0	-46.0	-711.0	-412.0	0.0	-293.0	-23.0	291.0	231.0	312.0	192.0	1143.0	436.0	254.0	377.0	-213.0	-1021.0	-109.0	941.0	186.0	-735.0	-118.0	-164.0	-866.0	322.0	543.0	-479.0	176.0	-843.0	-760.0	360.0	-525.0	-292.0	494.0	95.0	324.0	-1097.0	735.0	-707.0	80.0	-802.0	548.0	334.0	508.0	159.0	659.0	46.0	1356.0	426.0	-991.0	232.0	421.0	-55.0	-750.0	129.0	-429.0
538.0	1704.0	900.0	160.0	-811.0	-599.0	478.0	728.0	8760.0	-374.0	452.0	158.0	444.0	-462.0	-69.0	490.0	-421.0	658.0	-688.0	580.0	1113.0	-129.0	-357.0	-516.0	-191.0	818.0	564.0	-81.0	61.0	594.0	59.0	-515.0	832.0	1000.0	240.0	-266.0	417.0	94.0	161.0	605.0	170.0	-528.0	-265.0	-714.0	273.0	-938.0	818.0	1.0	-695.0	296.0	-834.0	951.0	345.0	-120.0	-69.0	-172.0	221.0	480.0	537.0	-666.0	-584.0	-457.0	-328.0	37.0	142.0	656.0	-34.0	115.0	724.0	-189.0	-316.0	-1112.0	537.0	-730.0	-160.0	-497.0	87.0	-486.0	776.0	-171.0	-1156.0	-46.0	-512.0	-205.0	367.0	-183.0	906.0	-212.0	1535.0	-185.0	-251.0	-618.0	-130.0	1149.0	600.0	407.0	162.0	118.0	156.0	603.0	-45.0	-824.0	142.0	123.0	57.0	759.0	-928.0	-32.0	837.0	539.0	-228.0	608.0	-193.0	333.0	206.0	-768.0	-131.0	-158.0	-498.0	-731.0	-367.0	83.0	141.0	-829.0	321.0	89.0	348.0	-162.0	-134.0	-190.0	921.0	65.0	379.0	1543.0	135.0	-550.0	-631.0	835.0	-28.0	-789.0	631.0	-392.0	233.0	-89.0	167.0	-736.0	-222.0	536.0	312.0	-138.0	-222.0	185.0	105.0	-142.0	426.0	129.0	61.0	-1382.0	-414.0	-337.0	-1059.0	376.0	-135.0	928.0	231.0	-267.0	-922.0	774.0	319.0	-720.0	-767.0	-347.0	-240.0	819.0	-170.0	-314.0	613.0	-88.0	109.0	626.0	163.0	143.0	-198.0	276.0	65.0	-617.0	320.0	534.0	-129.0	-248.0	-446.0	-223.0	-307.0	-147.0	487.0	-595.0	-718.0	-172.0	-479.0	471.0	-659.0	279.0	474.0	-135.0	-541.0	112.0	-165.0	-380.0	4.0	42.0	-448.0	-236.0	203.0	-19.0	-256.0	511.0	-482.0	-185.0	-62.0	79.0	-176.0	-314.0	207.0	-115.0	869.0	349.0	586.0	-195.0	-192.0	-517.0	511.0	14.0	-459.0	880.0	-171.0	-64.0	997.0	273.0	-163.0	1158.0	-619.0	305.0	381.0	-112.0	1443.0	70.0	-370.0	329.0	119.0	62.0
393.0	55.0	-986.0	172.0	610.0	448.0	-151.0	-941.0	-374.0	7923.0	-149.0	666.0	-410.0	346.0	194.0	-99.0	-529.0	297.0	-1055.0	-776.0	307.0	-269.0	-335.0	582.0	-155.0	326.0	-139.0	473.0	-562.0	873.0	-280.0	164.0	-1189.0	117.0	-47.0	210.0	-242.0	-286.0	-366.0	-529.0	-127.0	58.0	220.0	-308.0	548.0	265.0	-330.0	57.0	-27.0	-698.0	-236.0	203.0	151.0	184.0	-474.0	-769.0	521.0	70.0	-686.0	-194.0	314.0	-928.0	-646.0	-958.0	814.0	-1276.0	838.0	353.0	510.0	127.0	-25.0	-631.0	131.0	-398.0	1039.0	103.0	-333.0	-9.0	-348.0	85.0	-938.0	854.0	110.0	-1163.0	441.0	247.0	381.0	393.0	-140.0	-197.0	289.0	-505.0	-1324.0	-254.0	955.0	-468.0	-39.0	490.0	1193.0	761.0	-656.0	106.0	-463.0	-227.0	-353.0	275.0	616.0	-105.0	808.0	-274.0	-560.0	225.0	113.0	-519.0	339.0	-203.0	-186.0	-133.0	417.0	-578.0	1133.0	-68.0	1126.0	290.0	497.0	228.0	308.0	237.0	408.0	589.0	-179.0	251.0	-606.0	-74.0	-248.0	-455.0	-418.0	-115.0	396.0	328.0	976.0	299.0	-0.0	-180.0	-244.0	-450.0	771.0	-83.0	-226.0	130.0	-825.0	219.0	303.0	-70.0	74.0	240.0	-869.0	513.0	513.0	587.0	195.0	-368.0	-7.0	66.0	987.0	343.0	1397.0	81.0	172.0	-179.0	149.0	-458.0	-654.0	172.0	-431.0	1064.0	609.0	88.0	-724.0	187.0	84.0	680.0	913.0	235.0	-1151.0	64.0	-771.0	-569.0	146.0	529.0	-710.0	-642.0	-856.0	135.0	-247.0	-513.0	-125.0	577.0	-68.0	-239.0	4.0	313.0	732.0	-518.0	-27.0	-216.0	-721.0	308.0	-533.0	-106.0	225.0	-51.0	995.0	-1124.0	134.0	498.0	63.0	424.0	-538.0	-1041.0	263.0	-250.0	771.0	-202.0	407.0	-322.0	-1524.0	-138.0	-389.0	619.0	-446.0	464.0	-367.0	-214.0	-874.0	291.0	-278.0	812.0	-238.0	602.0	1081.0	-444.0	-47.0	-584.0	1069.0	-304.0	415.0	-161.0	424.0	-516.0
72.0	544.0	519.0	-327.0	129.0	-136.0	871.0	680.0	452.0	-149.0	8076.0	-351.0	-363.0	179.0	-293.0	966.0	163.0	-729.0	-827.0	-1012.0	195.0	434.0	-376.0	-450.0	-689.0	-338.0	-232.0	-1188.0	-1056.0	93.0	273.0	-329.0	536.0	700.0	-140.0	-21.0	-26.0	-276.0	-348.0	-115.0	370.0	-237.0	4.0	278.0	-156.0	-755.0	179.0	-167.0	116.0	-1001.0	-255.0	1161.0	147.0	-483.0	-326.0	642.0	-352.0	-388.0	122.0	39.0	150.0	-498.0	-449.0	54.0	-215.0	181.0	421.0	-74.0	-24.0	157.0	246.0	-223.0	-114.0	-47.0	-765.0	200.0	816.0	-204.0	-697.0	-283.0	413.0	-382.0	-228.0	64.0	681.0	-232.0	-44.0	-534.0	-1177.0	691.0	-107.0	5.0	81.0	92.0	-619.0	757.0	-267.0	541.0	29.0	645.0	80.0	186.0	-170.0	-353.0	-73.0	385.0	11.0	-511.0	884.0	-182.0	1043.0	148.0	589.0	443.0	-791.0	-371.0	525.0	-137.0	-353.0	-39.0	-902.0	-552.0	-30.0	-448.0	477.0	-47.0	297.0	557.0	380.0	1080.0	-451.0	499.0	137.0	428.0	93.0	981.0	1011.0	840.0	214.0	-576.0	482.0	240.0	-762.0	-368.0	84.0	1030.0	151.0	-202.0	-148.0	125.0	-46.0	-193.0	265.0	-1101.0	-732.0	505.0	543.0	161.0	-189.0	154.0	9.0	-91.0	314.0	-310.0	-322.0	92.0	-515.0	794.0	-170.0	502.0	-143.0	27.0	-5.0	1001.0	47.0	-839.0	-264.0	69.0	-967.0	-59.0	-173.0	-56.0	192.0	-541.0	7.0	699.0	547.0	842.0	-561.0	101.0	637.0	-413.0	-120.0	922.0	-6.0	334.0	571.0	421.0	-1259.0	-126.0	733.0	229.0	731.0	330.0	-669.0	1377.0	33.0	349.0	-791.0	-54.0	-1007.0	-1002.0	-562.0	-757.0	186.0	523.0	-120.0	804.0	520.0	-19.0	527.0	-700.0	405.0	209.0	1471.0	295.0	102.0	525.0	77.0	-59.0	-727.0	789.0	-530.0	550.0	97.0	926.0	-203.0	247.0	59.0	29.0	235.0	-667.0	-579.0	-684.0	-391.0	421.0	907.0	-869.0	701.0	-764.0
-750.0	-362.0	241.0	-530.0	-170.0	-49.0	-719.0	-57.0	158.0	666.0	-351.0	8976.0	175.0	-129.0	-703.0	465.0	-438.0	290.0	69.0	-623.0	669.0	68.0	457.0	-638.0	-314.0	1232.0	-360.0	671.0	278.0	-625.0	-129.0	22.0	120.0	638.0	96.0	-34.0	-774.0	-994.0	264.0	0.0	-680.0	-605.0	954.0	-100.0	-78.0	183.0	-728.0	1080.0	-1192.0	15.0	510.0	-152.0	92.0	164.0	121.0	140.0	-736.0	-213.0	404.0	-152.0	-1869.0	352.0	-431.0	-47.0	476.0	-701.0	-553.0	-234.0	296.0	90.0	-264.0	-44.0	-680.0	232.0	-557.0	1114.0	-122.0	307.0	775.0	-764.0	-551.0	-783.0	-618.0	723.0	885.0	433.0	-666.0	136.0	92.0	-607.0	-436.0	-467.0	-872.0	524.0	1736.0	-308.0	841.0	-831.0	-753.0	171.0	-286.0	-272.0	334.0	-488.0	572.0	681.0	-240.0	-158.0	583.0	455.0	-554.0	807.0	-1219.0	-113.0	321.0	-159.0	-428.0	149.0	-532.0	-419.0	-292.0	-185.0	-766.0	-1397.0	545.0	-102.0	1092.0	-392.0	-362.0	76.0	-424.0	35.0	846.0	-90.0	187.0	417.0	323.0	74.0	-32.0	479.0	-38.0	-230.0	-362.0	328.0	13.0	921.0	-464.0	-608.0	970.0	-52.0	-359.0	-316.0	-52.0	-219.0	-136.0	151.0	78.0	49.0	-421.0	1102.0	-490.0	-71.0	817.0	713.0	29.0	-109.0	115.0	216.0	97.0	-1009.0	206.0	-79.0	311.0	-1147.0	-246.0	420.0	-134.0	756.0	430.0	360.0	377.0	1432.0	-536.0	-416.0	-790.0	-717.0	232.0	202.0	35.0	40.0	-320.0	176.0	-228.0	125.0	-409.0	-710.0	347.0	251.0	-855.0	28.0	84.0	-454.0	64.0	345.0	241.0	-158.0	-475.0	142.0	506.0	-594.0	-531.0	1416.0	-89.0	164.0	-26.0	-95.0	211.0	222.0	-965.0	-261.0	222.0	-204.0	87.0	171.0	416.0	100.0	571.0	672.0	-254.0	213.0	122.0	-959.0	871.0	-175.0	-223.0	-464.0	-659.0	121.0	-249.0	-145.0	279.0	-108.0	296.0	-680.0	-362.0	-786.0	-292.0	672.0	564.0	842.0
868.0	-56.0	37.0	-81.0	175.0	420.0	-180.0	-202.0	444.0	-410.0	-363.0	175.0	8745.0	-152.0	1180.0	165.0	-38.0	-69.0	862.0	-428.0	-252.0	91.0	-143.0	-225.0	286.0	-212.0	-696.0	1139.0	-310.0	26.0	-290.0	264.0	-465.0	262.0	-188.0	127.0	658.0	-742.0	-52.0	-347.0	-510.0	-429.0	-663.0	30.0	-350.0	-459.0	-304.0	862.0	152.0	-466.0	-82.0	471.0	1171.0	-690.0	-1114.0	94.0	35.0	-13.0	1005.0	-116.0	-330.0	103.0	101.0	-252.0	-227.0	-39.0	-647.0	300.0	-157.0	-133.0	161.0	752.0	1093.0	556.0	3.0	-406.0	315.0	-930.0	386.0	-827.0	38.0	717.0	381.0	-293.0	-582.0	-77.0	-398.0	-380.0	-637.0	688.0	-397.0	-56.0	-399.0	-778.0	-673.0	-114.0	333.0	248.0	1071.0	359.0	-1.0	242.0	-122.0	-193.0	243.0	-488.0	614.0	-592.0	-514.0	481.0	-662.0	231.0	292.0	8.0	257.0	440.0	623.0	184.0	80.0	191.0	-158.0	132.0	-523.0	-308.0	-451.0	-276.0	-507.0	21.0	-272.0	-774.0	-125.0	48.0	390.0	-382.0	223.0	-20.0	420.0	-954.0	76.0	-391.0	411.0	-298.0	-1574.0	-402.0	499.0	402.0	893.0	351.0	-685.0	270.0	731.0	348.0	-536.0	-12.0	1007.0	-674.0	-383.0	41.0	-454.0	-105.0	-2.0	-279.0	799.0	952.0	-885.0	-343.0	458.0	-232.0	588.0	93.0	109.0	-278.0	40.0	179.0	-82.0	967.0	-127.0	311.0	349.0	435.0	-657.0	-434.0	-815.0	-1102.0	-238.0	190.0	644.0	-113.0	-531.0	252.0	220.0	-15.0	672.0	341.0	180.0	-49.0	291.0	-32.0	192.0	226.0	-349.0	538.0	-211.0	302.0	925.0	1073.0	7.0	224.0	348.0	-1108.0	550.0	-346.0	631.0	-548.0	-817.0	-515.0	-0.0	1007.0	307.0	364.0	-1019.0	185.0	38.0	700.0	-749.0	-59.0	-199.0	-99.0	-478.0	134.0	53.0	255.0	-310.0	471.0	-130.0	334.0	544.0	137.0	-636.0	105.0	-585.0	165.0	419.0	-1083.0	605.0	-519.0	-540.0	-175.0	-487.0	-29.0
187.0	-616.0	-564.0	-155.0	557.0	-334.0	-638.0	-117.0	-462.0	346.0	179.0	-129.0	-152.0	7883.0	104.0	627.0	-337.0	-418.0	921.0	-298.0	-282.0	-1036.0	-571.0	-541.0	-482.0	-153.0	-560.0	-295.0	-208.0	-1060.0	326.0	-414.0	74.0	-274.0	153.0	151.0	-174.0	808.0	453.0	-147.0	175.0	709.0	-403.0	714.0	-832.0	-327.0	738.0	-789.0	-336.0	-848.0	235.0	-874.0	478.0	-88.0	-899.0	-23.0	654.0	-840.0	-1056.0	813.0	-294.0	546.0	1516.0	119.0	-874.0	108.0	247.0	-36.0	-50.0	1238.0	748.0	30.0	-1306.0	-293.0	-616.0	388.0	642.0	450.0	-213.0	623.0	612.0	-615.0	86.0	421.0	-479.0	291.0	555.0	640.0	-850.0	338.0	832.0	-118.0	-473.0	-85.0	-352.0	944.0	345.0	5.0	-142.0	254.0	-197.0	-49.0	89.0	-936.0	379.0	45.0	-491.0	102.0	328.0	-178.0	-176.0	17.0	245.0	434.0	-81.0	769.0	599.0	-712.0	12.0	9.0	-128.0	-897.0	546.0	631.0	-221.0	846.0	100.0	420.0	-303.0	-664.0	-242.0	-445.0	-20.0	111.0	1007.0	96.0	721.0	1059.0	-56.0	-625.0	822.0	-448.0	316.0	-374.0	-472.0	-354.0	-127.0	-1136.0	756.0	-182.0	-912.0	-169.0	-542.0	136.0	-353.0	-341.0	700.0	506.0	-182.0	-179.0	-55.0	96.0	-601.0	27.0	-528.0	109.0	468.0	-25.0	-316.0	-466.0	250.0	-94.0	45.0	-668.0	-128.0	116.0	765.0	177.0	-388.0	106.0	258.0	-491.0	-450.0	-25.0	176.0	-7.0	-298.0	146.0	375.0	-99.0	730.0	-182.0	-182.0	1300.0	814.0	291.0	-669.0	217.0	191.0	-185.0	393.0	280.0	431.0	656.0	-289.0	-85.0	736.0	-53.0	194.0	-116.0	-564.0	-228.0	301.0	-516.0	693.0	581.0	695.0	61.0	164.0	316.0	-1060.0	-965.0	297.0	341.0	-667.0	-366.0	-483.0	235.0	183.0	792.0	-73.0	930.0	-52.0	-125.0	244.0	-671.0	-237.0	-193.0	-954.0	135.0	114.0	-527.0	-634.0	58.0	-471.0	-519.0	-263.0	790.0	-327.0	566.0
312.0	-679.0	-663.0	51.0	484.0	-146.0	214.0	-40.0	-69.0	194.0	-293.0	-703.0	1180.0	104.0	7980.0	-440.0	146.0	110.0	-271.0	-109.0	443.0	-243.0	145.0	691.0	874.0	-245.0	-376.0	174.0	505.0	16.0	-131.0	557.0	-87.0	1304.0	389.0	-28.0	133.0	423.0	4.0	-1026.0	-267.0	-136.0	-336.0	362.0	-303.0	937.0	119.0	29.0	1424.0	249.0	-217.0	-257.0	687.0	67.0	524.0	-303.0	-270.0	-405.0	-138.0	-680.0	271.0	-812.0	263.0	368.0	231.0	231.0	332.0	35.0	-75.0	-85.0	-193.0	264.0	129.0	67.0	144.0	197.0	-81.0	12.0	-124.0	-64.0	535.0	-101.0	8.0	424.0	669.0	556.0	253.0	-226.0	23.0	271.0	693.0	-243.0	-161.0	-467.0	-1044.0	75.0	71.0	16.0	338.0	-765.0	353.0	216.0	-939.0	-46.0	92.0	496.0	408.0	-1240.0	-747.0	467.0	303.0	-797.0	930.0	241.0	-530.0	-542.0	606.0	378.0	208.0	-153.0	57.0	65.0	-564.0	224.0	836.0	-160.0	-1070.0	-472.0	463.0	-2.0	254.0	-106.0	-351.0	0.0	-346.0	-531.0	-524.0	724.0	431.0	-950.0	366.0	-242.0	-634.0	-469.0	1184.0	523.0	905.0	388.0	-41.0	-588.0	212.0	322.0	-764.0	-161.0	-278.0	877.0	129.0	610.0	-688.0	-414.0	-723.0	316.0	-51.0	462.0	593.0	-252.0	477.0	856.0	338.0	-471.0	51.0	177.0	-526.0	-89.0	-636.0	938.0	507.0	550.0	206.0	673.0	469.0	-194.0	192.0	-519.0	261.0	1425.0	-341.0	-477.0	-1138.0	217.0	-290.0	-893.0	-878.0	216.0	-245.0	-103.0	162.0	-1265.0	-202.0	-1166.0	-300.0	-271.0	453.0	-613.0	-256.0	-36.0	82.0	-42.0	-1129.0	-464.0	517.0	-590.0	693.0	-504.0	-92.0	319.0	74.0	-470.0	-229.0	-231.0	-283.0	108.0	-474.0	418.0	487.0	148.0	743.0	-162.0	-395.0	-1013.0	212.0	689.0	-961.0	724.0	609.0	728.0	580.0	-692.0	-73.0	-594.0	-220.0	208.0	400.0	632.0	138.0	72.0	33.0	565.0	180.0	-204.0
557.0	527.0	-694.0	-12.0	-284.0	-389.0	-729.0	406.0	490.0	-99.0	966.0	465.0	165.0	627.0	-440.0	8786.0	-164.0	-628.0	125.0	430.0	252.0	598.0	-612.0	295.0	-235.0	-188.0	122.0	-821.0	1009.0	-690.0	-27.0	-1012.0	-425.0	-512.0	-383.0	300.0	-629.0	228.0	-379.0	-173.0	-843.0	-317.0	139.0	-67.0	-940.0	-260.0	-30.0	266.0	-16.0	28.0	43.0	451.0	248.0	1416.0	-1000.0	-317.0	263.0	411.0	501.0	111.0	-497.0	-201.0	-537.0	497.0	-660.0	641.0	-248.0	-621.0	-639.0	626.0	-655.0	459.0	-141.0	339.0	-57.0	137.0	-97.0	-245.0	484.0	-145.0	-914.0	656.0	-180.0	556.0	-302.0	367.0	280.0	-673.0	686.0	452.0	-685.0	-50.0	645.0	-359.0	-320.0	671.0	-9.0	542.0	409.0	-687.0	198.0	747.0	-123.0	-266.0	-313.0	40.0	-453.0	-1091.0	-337.0	-387.0	197.0	792.0	909.0	453.0	-1031.0	-624.0	310.0	1701.0	53.0	170.0	-719.0	-553.0	-172.0	109.0	4.0	726.0	531.0	-92.0	558.0	510.0	-426.0	193.0	-505.0	-563.0	638.0	897.0	-129.0	-267.0	-135.0	892.0	712.0	-405.0	-239.0	223.0	609.0	226.0	-427.0	364.0	414.0	-721.0	-1034.0	457.0	737.0	-285.0	237.0	244.0	470.0	399.0	-88.0	-271.0	-572.0	216.0	1879.0	362.0	-80.0	-276.0	-425.0	496.0	-254.0	-431.0	167.0	1050.0	-294.0	281.0	-464.0	271.0	886.0	220.0	262.0	894.0	-132.0	-133.0	-439.0	-311.0	477.0	-98.0	-94.0	-979.0	-1404.0	-19.0	-645.0	100.0	215.0	391.0	-839.0	365.0	-311.0	-123.0	-5.0	245.0	-137.0	944.0	596.0	1277.0	-620.0	32.0	274.0	58.0	-824.0	-1061.0	119.0	89.0	-177.0	92.0	-683.0	-627.0	227.0	196.0	266.0	-216.0	538.0	-241.0	-21.0	1014.0	-113.0	-525.0	233.0	300.0	390.0	-426.0	-906.0	-503.0	260.0	-6.0	-373.0	185.0	46.0	667.0	835.0	474.0	-305.0	-558.0	-147.0	-829.0	389.0	982.0	-65.0	412.0	182.0	-619.0
321.0	666.0	-345.0	343.0	7.0	-508.0	-563.0	129.0	-421.0	-529.0	163.0	-438.0	-38.0	-337.0	146.0	-164.0	7801.0	51.0	-882.0	-323.0	-166.0	420.0	-588.0	-121.0	-492.0	-344.0	133.0	62.0	521.0	924.0	221.0	-468.0	-531.0	785.0	-237.0	-342.0	921.0	-901.0	172.0	184.0	605.0	310.0	-532.0	-340.0	138.0	89.0	-157.0	-706.0	171.0	-720.0	-371.0	406.0	-1213.0	166.0	-404.0	489.0	43.0	509.0	-160.0	40.0	103.0	233.0	84.0	426.0	-898.0	226.0	-72.0	1260.0	-251.0	-266.0	-38.0	-210.0	861.0	380.0	1004.0	-101.0	-14.0	-1167.0	730.0	875.0	244.0	121.0	254.0	59.0	-802.0	-265.0	310.0	303.0	382.0	-205.0	-998.0	627.0	875.0	-336.0	-434.0	-1170.0	78.0	739.0	-353.0	844.0	-293.0	491.0	-547.0	321.0	1006.0	48.0	-836.0	-511.0	-242.0	-209.0	283.0	-551.0	504.0	184.0	-78.0	-632.0	256.0	-42.0	193.0	628.0	-625.0	-709.0	-1485.0	29.0	78.0	782.0	672.0	296.0	-648.0	271.0	-204.0	469.0	743.0	-1002.0	-566.0	-339.0	240.0	189.0	188.0	-269.0	475.0	-1359.0	1141.0	-190.0	154.0	-572.0	-391.0	1031.0	449.0	127.0	206.0	1047.0	-403.0	-712.0	563.0	265.0	-49.0	529.0	418.0	-223.0	777.0	321.0	-294.0	-604.0	204.0	-263.0	-626.0	-231.0	88.0	-112.0	-246.0	54.0	909.0	-89.0	196.0	-633.0	146.0	-222.0	910.0	969.0	75.0	-236.0	246.0	-94.0	-387.0	316.0	-1509.0	-473.0	-63.0	408.0	-629.0	111.0	-170.0	-295.0	-682.0	-913.0	-137.0	142.0	99.0	-537.0	110.0	-467.0	-133.0	443.0	167.0	698.0	-446.0	-487.0	-205.0	691.0	-330.0	-121.0	-263.0	-108.0	814.0	-25.0	203.0	837.0	118.0	-140.0	-715.0	-163.0	302.0	-619.0	-91.0	262.0	-909.0	290.0	-1082.0	-481.0	277.0	-1019.0	941.0	571.0	-963.0	-192.0	-616.0	-314.0	144.0	-489.0	28.0	570.0	133.0	-425.0	-1.0	-446.0	479.0	150.0	-501.0	216.0
-302.0	-66.0	-582.0	1030.0	-726.0	1509.0	407.0	-470.0	658.0	297.0	-729.0	290.0	-69.0	-418.0	110.0	-628.0	51.0	8612.0	494.0	105.0	939.0	1156.0	-531.0	239.0	-80.0	894.0	-200.0	173.0	-56.0	313.0	-40.0	-466.0	1064.0	76.0	-718.0	-219.0	-293.0	215.0	-690.0	-271.0	-408.0	-432.0	-87.0	-307.0	546.0	1132.0	598.0	-45.0	359.0	349.0	-223.0	-61.0	346.0	165.0	-78.0	-279.0	-21.0	-247.0	599.0	78.0	-113.0	-567.0	1100.0	-221.0	-700.0	-717.0	622.0	-555.0	-18.0	-923.0	653.0	708.0	831.0	-759.0	599.0	-697.0	-734.0	-740.0	30.0	218.0	-521.0	-691.0	-620.0	-1163.0	691.0	-31.0	-58.0	107.0	-240.0	99.0	402.0	-1009.0	-311.0	-548.0	1176.0	-979.0	-82.0	254.0	159.0	-149.0	-757.0	-1125.0	-744.0	-558.0	-75.0	-673.0	-310.0	-134.0	429.0	-442.0	-64.0	-360.0	-7.0	113.0	-656.0	-1153.0	127.0	-170.0	318.0	-91.0	805.0	634.0	-576.0	493.0	787.0	-215.0	-164.0	-344.0	224.0	-1024.0	259.0	539.0	18.0	-736.0	341.0	163.0	-60.0	699.0	408.0	-714.0	21.0	266.0	-387.0	160.0	-102.0	-228.0	-394.0	-627.0	-304.0	-112.0	155.0	-377.0	260.0	-558.0	444.0	-920.0	-118.0	-108.0	-69.0	-201.0	188.0	17.0	-673.0	-114.0	-47.0	880.0	-165.0	167.0	712.0	-144.0	411.0	-78.0	-671.0	-13.0	415.0	-297.0	-577.0	-355.0	997.0	549.0	712.0	-758.0	818.0	-1459.0	-4.0	-119.0	-988.0	174.0	819.0	-345.0	305.0	-446.0	-1010.0	-538.0	-521.0	-991.0	-210.0	-244.0	320.0	431.0	-1403.0	-46.0	7.0	-3.0	213.0	-237.0	-156.0	-170.0	212.0	385.0	698.0	-1049.0	-866.0	182.0	-200.0	-228.0	328.0	491.0	-2.0	-272.0	92.0	-149.0	-454.0	248.0	-729.0	-84.0	-541.0	-367.0	-336.0	162.0	81.0	-374.0	348.0	-739.0	-72.0	279.0	283.0	-472.0	-25.0	359.0	426.0	223.0	-756.0	721.0	155.0	610.0	-174.0	136.0	17.0	323.0
-1036.0	311.0	-114.0	130.0	-472.0	639.0	-748.0	57.0	-688.0	-1055.0	-827.0	69.0	862.0	921.0	-271.0	125.0	-882.0	494.0	8928.0	1540.0	-97.0	-573.0	55.0	127.0	1177.0	25.0	54.0	505.0	-43.0	-993.0	402.0	598.0	-208.0	-1013.0	452.0	125.0	-385.0	-39.0	747.0	-827.0	357.0	-192.0	360.0	-627.0	-384.0	-550.0	-206.0	128.0	-99.0	-440.0	853.0	-1605.0	818.0	-137.0	423.0	-1150.0	416.0	697.0	563.0	519.0	-598.0	394.0	498.0	-541.0	-80.0	-228.0	-157.0	-192.0	222.0	-237.0	508.0	1269.0	-496.0	147.0	-46.0	-427.0	117.0	139.0	-285.0	951.0	1200.0	237.0	163.0	-325.0	239.0	-493.0	-119.0	-928.0	30.0	442.0	421.0	744.0	498.0	-911.0	-129.0	373.0	381.0	-396.0	138.0	-466.0	175.0	751.0	-34.0	57.0	-983.0	-1151.0	1018.0	-124.0	376.0	601.0	359.0	983.0	-164.0	486.0	-982.0	-22.0	729.0	-66.0	757.0	445.0	-232.0	-1340.0	-408.0	254.0	43.0	-719.0	46.0	-1293.0	829.0	166.0	-908.0	277.0	103.0	-445.0	917.0	16.0	305.0	74.0	-609.0	312.0	-269.0	-888.0	-473.0	622.0	177.0	-347.0	105.0	-364.0	915.0	-382.0	962.0	224.0	-1007.0	480.0	-822.0	-156.0	276.0	713.0	-212.0	-133.0	94.0	856.0	416.0	261.0	-729.0	-66.0	-312.0	-968.0	463.0	77.0	317.0	275.0	-227.0	-298.0	128.0	161.0	647.0	97.0	393.0	-1511.0	46.0	-656.0	523.0	263.0	748.0	462.0	471.0	15.0	-458.0	-358.0	-226.0	339.0	1186.0	512.0	-664.0	519.0	-567.0	-383.0	287.0	-861.0	-131.0	687.0	524.0	1050.0	128.0	-1100.0	187.0	415.0	697.0	-553.0	-468.0	-610.0	-895.0	536.0	-1.0	964.0	398.0	429.0	969.0	285.0	-345.0	281.0	372.0	188.0	-594.0	98.0	617.0	-693.0	-223.0	-223.0	-9.0	6.0	-157.0	440.0	110.0	143.0	217.0	-300.0	-655.0	-1356.0	-671.0	-1097.0	7.0	-102.0	-107.0	988.0	-380.0	655.0	-336.0	165.0
204.0	448.0	377.0	289.0	129.0	367.0	0.0	-583.0	580.0	-776.0	-1012.0	-623.0	-428.0	-298.0	-109.0	430.0	-323.0	105.0	1540.0	8215.0	-687.0	-981.0	340.0	384.0	383.0	-567.0	13.0	-266.0	-297.0	-1008.0	-271.0	-780.0	-161.0	-19.0	-427.0	684.0	254.0	614.0	82.0	1330.0	310.0	-310.0	-396.0	678.0	43.0	-116.0	1042.0	134.0	-43.0	419.0	-794.0	-299.0	-111.0	342.0	-465.0	-504.0	-498.0	218.0	325.0	228.0	65.0	-312.0	825.0	-422.0	-608.0	-172.0	-799.0	-151.0	-420.0	1195.0	-515.0	402.0	-527.0	686.0	847.0	-329.0	-369.0	563.0	-519.0	1615.0	330.0	77.0	-483.0	-356.0	106.0	871.0	-262.0	-480.0	1068.0	-423.0	-447.0	-251.0	974.0	-463.0	-1072.0	-693.0	-2.0	80.0	-1297.0	651.0	-411.0	460.0	458.0	92.0	-253.0	-668.0	-410.0	-96.0	-361.0	197.0	506.0	273.0	314.0	137.0	36.0	-20.0	-344.0	-438.0	-986.0	1033.0	-906.0	-153.0	-186.0	490.0	-1196.0	95.0	-116.0	274.0	243.0	209.0	921.0	144.0	-829.0	-299.0	-51.0	-405.0	-321.0	735.0	-1205.0	1123.0	162.0	-486.0	543.0	490.0	665.0	-55.0	853.0	-1068.0	-468.0	-79.0	-359.0	-516.0	-323.0	134.0	216.0	738.0	-727.0	88.0	193.0	375.0	-508.0	483.0	450.0	196.0	-33.0	-376.0	117.0	-999.0	378.0	-218.0	43.0	1017.0	752.0	-121.0	-340.0	-340.0	625.0	204.0	154.0	286.0	810.0	-74.0	-757.0	500.0	379.0	48.0	61.0	201.0	-86.0	-188.0	-83.0	205.0	386.0	337.0	600.0	-453.0	96.0	14.0	665.0	-683.0	-19.0	512.0	-207.0	-140.0	334.0	-669.0	-176.0	-196.0	46.0	76.0	-553.0	-510.0	-830.0	239.0	606.0	-191.0	-377.0	-191.0	154.0	-431.0	358.0	385.0	498.0	-167.0	-136.0	274.0	-418.0	-1212.0	-16.0	248.0	244.0	-104.0	424.0	919.0	-79.0	-44.0	476.0	-142.0	191.0	-830.0	-721.0	-410.0	-629.0	455.0	46.0	604.0	-732.0	1064.0	-569.0	170.0
-295.0	-107.0	210.0	-115.0	-695.0	-342.0	522.0	-98.0	1113.0	307.0	195.0	669.0	-252.0	-282.0	443.0	252.0	-166.0	939.0	-97.0	-687.0	8172.0	-503.0	284.0	-11.0	540.0	173.0	674.0	634.0	895.0	512.0	-344.0	-537.0	348.0	-555.0	287.0	436.0	1411.0	-14.0	-199.0	610.0	504.0	-61.0	649.0	-22.0	-333.0	8.0	592.0	-34.0	544.0	20.0	-76.0	104.0	302.0	877.0	-203.0	-695.0	-154.0	2.0	386.0	-915.0	-576.0	188.0	-415.0	-230.0	780.0	118.0	-235.0	-191.0	236.0	-1062.0	-418.0	131.0	588.0	-428.0	931.0	-371.0	685.0	75.0	-370.0	-78.0	-244.0	-45.0	678.0	175.0	717.0	491.0	-786.0	89.0	191.0	166.0	-662.0	-721.0	1022.0	66.0	374.0	27.0	-678.0	602.0	-108.0	248.0	1227.0	-40.0	235.0	-76.0	365.0	201.0	-622.0	-932.0	150.0	1060.0	470.0	-168.0	-538.0	314.0	-1.0	-536.0	-904.0	312.0	-270.0	-21.0	7.0	-779.0	-380.0	579.0	-34.0	624.0	297.0	-637.0	268.0	-950.0	-493.0	-395.0	617.0	186.0	334.0	969.0	190.0	641.0	-100.0	497.0	249.0	184.0	443.0	359.0	311.0	293.0	-447.0	-304.0	-268.0	98.0	253.0	-340.0	-56.0	-1182.0	232.0	-793.0	1099.0	-217.0	-548.0	294.0	859.0	256.0	-19.0	257.0	102.0	185.0	467.0	701.0	-167.0	-393.0	-741.0	-656.0	-489.0	284.0	-462.0	322.0	-171.0	-682.0	-317.0	-232.0	267.0	538.0	284.0	-54.0	-402.0	-208.0	-443.0	-310.0	-440.0	-433.0	-635.0	-411.0	-330.0	-443.0	-266.0	383.0	128.0	-255.0	-644.0	-238.0	-729.0	347.0	136.0	-509.0	-526.0	-204.0	-936.0	-1078.0	507.0	-686.0	881.0	-9.0	-109.0	-284.0	-706.0	-810.0	174.0	9.0	217.0	-339.0	-408.0	-240.0	371.0	-568.0	-508.0	427.0	-888.0	-318.0	-394.0	-449.0	-270.0	461.0	1153.0	-581.0	319.0	-1065.0	230.0	107.0	772.0	-99.0	-219.0	490.0	547.0	-320.0	946.0	-634.0	723.0	406.0	460.0	595.0
-131.0	-1041.0	31.0	-143.0	8.0	-377.0	-1128.0	889.0	-129.0	-269.0	434.0	68.0	91.0	-1036.0	-243.0	598.0	420.0	1156.0	-573.0	-981.0	-503.0	8847.0	146.0	-751.0	442.0	-665.0	947.0	-324.0	33.0	809.0	-431.0	-421.0	777.0	-114.0	-231.0	67.0	-598.0	419.0	770.0	234.0	-929.0	-1010.0	-267.0	-322.0	-333.0	465.0	-448.0	-697.0	288.0	5.0	-528.0	-1084.0	-550.0	339.0	207.0	-151.0	-364.0	503.0	-217.0	46.0	856.0	-768.0	-245.0	421.0	35.0	-780.0	-97.0	29.0	168.0	-645.0	-161.0	576.0	-281.0	-1006.0	1015.0	-389.0	297.0	1371.0	-262.0	-650.0	-712.0	-640.0	-100.0	496.0	-187.0	52.0	177.0	-223.0	380.0	156.0	-665.0	1550.0	-65.0	-684.0	-338.0	166.0	317.0	-481.0	-1050.0	-668.0	-144.0	-78.0	-55.0	28.0	85.0	81.0	-752.0	-609.0	172.0	-1140.0	-252.0	-904.0	-737.0	6.0	-219.0	-504.0	-31.0	449.0	1308.0	-42.0	195.0	59.0	-8.0	-313.0	-113.0	-30.0	226.0	-964.0	532.0	114.0	-274.0	441.0	-987.0	1048.0	533.0	174.0	-502.0	-389.0	-238.0	838.0	-169.0	195.0	378.0	-658.0	-168.0	563.0	696.0	616.0	861.0	-173.0	464.0	-39.0	715.0	-1650.0	208.0	-670.0	-93.0	-728.0	-920.0	-925.0	562.0	738.0	-513.0	143.0	-811.0	1061.0	153.0	688.0	-59.0	491.0	176.0	227.0	-433.0	391.0	736.0	-88.0	-831.0	-295.0	406.0	-78.0	793.0	914.0	78.0	-841.0	-160.0	637.0	25.0	-396.0	-203.0	180.0	262.0	-156.0	-593.0	-344.0	164.0	95.0	-416.0	-223.0	644.0	-255.0	641.0	217.0	553.0	-354.0	-547.0	112.0	394.0	421.0	-114.0	1105.0	579.0	-603.0	519.0	-430.0	-302.0	-886.0	-491.0	752.0	467.0	-89.0	-286.0	173.0	-992.0	-632.0	801.0	-409.0	40.0	407.0	871.0	597.0	-941.0	-79.0	24.0	75.0	597.0	-95.0	-279.0	-899.0	1241.0	1444.0	-529.0	596.0	226.0	-755.0	-346.0	-46.0	-368.0	34.0	144.0	-218.0
-225.0	-530.0	268.0	-525.0	658.0	-122.0	877.0	613.0	-357.0	-335.0	-376.0	457.0	-143.0	-571.0	145.0	-612.0	-588.0	-531.0	55.0	340.0	284.0	146.0	8577.0	-169.0	-233.0	-210.0	133.0	525.0	356.0	-189.0	-91.0	528.0	724.0	437.0	-667.0	595.0	457.0	545.0	-414.0	60.0	730.0	-94.0	-416.0	-463.0	274.0	797.0	-232.0	1499.0	225.0	151.0	652.0	119.0	56.0	474.0	454.0	-463.0	7.0	701.0	-239.0	884.0	1014.0	-576.0	-236.0	-452.0	563.0	-386.0	234.0	-773.0	-157.0	-915.0	170.0	818.0	-517.0	169.0	-441.0	729.0	225.0	1455.0	-552.0	413.0	351.0	35.0	-181.0	260.0	627.0	372.0	189.0	283.0	-433.0	-969.0	-217.0	250.0	329.0	109.0	-1618.0	-303.0	231.0	-1040.0	-162.0	190.0	-556.0	722.0	-356.0	-1.0	350.0	326.0	397.0	-40.0	112.0	618.0	739.0	-526.0	-1063.0	152.0	378.0	325.0	-90.0	107.0	-744.0	-10.0	1310.0	-278.0	94.0	919.0	263.0	-733.0	787.0	620.0	-542.0	-519.0	-32.0	-84.0	-102.0	-34.0	461.0	-769.0	-200.0	-184.0	774.0	604.0	515.0	170.0	477.0	-323.0	-29.0	70.0	387.0	-624.0	589.0	85.0	340.0	-551.0	-494.0	8.0	201.0	1008.0	594.0	771.0	1265.0	450.0	-217.0	-681.0	22.0	-698.0	-757.0	-315.0	-586.0	1137.0	-5.0	344.0	238.0	-392.0	666.0	1149.0	-589.0	176.0	830.0	-183.0	480.0	-15.0	-139.0	564.0	-1.0	-130.0	933.0	-609.0	624.0	-125.0	-48.0	-506.0	480.0	-591.0	-517.0	1029.0	-131.0	1800.0	206.0	28.0	-840.0	-835.0	500.0	-770.0	-163.0	-1101.0	323.0	283.0	-583.0	-1013.0	123.0	65.0	-384.0	-88.0	1193.0	-178.0	-260.0	165.0	261.0	-235.0	948.0	-133.0	-486.0	-147.0	-316.0	-331.0	558.0	785.0	-113.0	-627.0	-716.0	98.0	162.0	73.0	-159.0	-266.0	400.0	288.0	-583.0	625.0	496.0	-603.0	-600.0	-935.0	-385.0	16.0	-374.0	-475.0	-26.0	269.0	-526.0	-221.0
411.0	1023.0	-229.0	699.0	-439.0	523.0	69.0	48.0	-516.0	582.0	-450.0	-638.0	-225.0	-541.0	691.0	295.0	-121.0	239.0	127.0	384.0	-11.0	-751.0	-169.0	8452.0	368.0	407.0	187.0	111.0	-48.0	-250.0	-561.0	140.0	-43.0	-415.0	-318.0	435.0	-1429.0	-341.0	-830.0	149.0	-37.0	169.0	712.0	-270.0	902.0	-798.0	20.0	309.0	818.0	85.0	-1445.0	987.0	116.0	-45.0	-319.0	-760.0	-912.0	685.0	-653.0	-413.0	99.0	-28.0	467.0	197.0	-231.0	205.0	-40.0	682.0	-203.0	428.0	1016.0	781.0	659.0	-29.0	-2.0	-854.0	552.0	-34.0	-655.0	403.0	265.0	524.0	103.0	-568.0	141.0	228.0	-561.0	274.0	-783.0	656.0	223.0	-710.0	-278.0	-45.0	-186.0	-260.0	320.0	710.0	615.0	-1048.0	-313.0	-290.0	76.0	-183.0	154.0	-99.0	-333.0	126.0	-552.0	-1066.0	631.0	360.0	252.0	-612.0	304.0	-204.0	-336.0	-206.0	1062.0	-299.0	221.0	121.0	-169.0	-157.0	406.0	-386.0	2.0	256.0	64.0	-439.0	903.0	17.0	-781.0	-838.0	-539.0	-312.0	-798.0	205.0	448.0	326.0	-634.0	1281.0	878.0	94.0	-710.0	253.0	803.0	-187.0	-658.0	-1236.0	212.0	428.0	691.0	271.0	-169.0	445.0	-491.0	-131.0	-65.0	-600.0	948.0	200.0	-388.0	-136.0	206.0	500.0	4.0	-168.0	672.0	99.0	800.0	796.0	1126.0	374.0	184.0	-577.0	-683.0	-1722.0	-170.0	-288.0	249.0	-447.0	156.0	64.0	132.0	-379.0	-667.0	-1129.0	-516.0	-88.0	16.0	856.0	-51.0	-1117.0	-678.0	159.0	-667.0	665.0	406.0	6.0	-639.0	-189.0	388.0	-115.0	-257.0	-590.0	-823.0	-149.0	-856.0	-983.0	646.0	348.0	79.0	-209.0	-897.0	-480.0	267.0	88.0	-581.0	-585.0	-815.0	831.0	-36.0	363.0	-626.0	364.0	-5.0	705.0	-142.0	-258.0	-22.0	191.0	-27.0	-601.0	226.0	-632.0	416.0	662.0	-381.0	-782.0	536.0	712.0	-585.0	1019.0	-553.0	197.0	-1406.0	286.0	-404.0	-437.0
