3000.0	-142.0	-353.0	-100.0	40.0	346.0	-445.0	45.0	362.0	-102.0	274.0	38.0	-9.0	-51.0	656.0	-620.0	-561.0	1.0	335.0	-197.0	-220.0	-606.0	283.0	0.0	-112.0	128.0	-36.0	51.0	-526.0	253.0	-712.0	133.0	152.0	19.0	-55.0	-139.0	520.0	-541.0	-90.0	565.0	117.0	-197.0	-280.0	-601.0	-314.0	-55.0	142.0	-88.0	288.0	311.0	-134.0	-90.0	7.0	136.0	-215.0	-18.0	111.0	361.0	279.0	-501.0	-391.0	46.0	344.0	139.0	158.0	-41.0	-47.0	221.0	-197.0	-165.0	-259.0	255.0	-130.0	-202.0	323.0	-76.0	-401.0	-339.0	-164.0	-147.0	-526.0	73.0	-331.0	327.0	-267.0	-5.0	81.0	-143.0	354.0	566.0	73.0	-147.0	-419.0	-150.0	270.0	-463.0	-475.0	-142.0	-389.0	-234.0
-142.0	3600.0	521.0	-544.0	-79.0	-12.0	-282.0	-355.0	118.0	123.0	-559.0	499.0	-237.0	-430.0	85.0	-966.0	189.0	-11.0	-38.0	-119.0	795.0	-61.0	-492.0	654.0	114.0	65.0	456.0	154.0	466.0	-1007.0	-246.0	-148.0	-8.0	-131.0	160.0	-1.0	-75.0	-160.0	-25.0	-331.0	425.0	194.0	462.0	416.0	-95.0	355.0	-155.0	-505.0	-87.0	-227.0	975.0	-88.0	111.0	392.0	157.0	-790.0	388.0	-374.0	115.0	-245.0	575.0	387.0	376.0	-301.0	-459.0	610.0	-210.0	165.0	37.0	-764.0	357.0	-302.0	-621.0	-36.0	45.0	-277.0	-19.0	-162.0	-116.0	361.0	-246.0	-378.0	-627.0	14.0	297.0	-509.0	299.0	88.0	381.0	326.0	47.0	115.0	103.0	-168.0	-196.0	-52.0	342.0	557.0	398.0	-63.0
-353.0	521.0	3240.0	240.0	-729.0	-195.0	168.0	-332.0	245.0	343.0	-707.0	-146.0	-35.0	148.0	287.0	-310.0	-46.0	331.0	84.0	-32.0	34.0	-55.0	123.0	241.0	-52.0	-390.0	357.0	-433.0	148.0	-91.0	132.0	-368.0	-214.0	-365.0	50.0	323.0	-94.0	283.0	-509.0	-47.0	53.0	-322.0	513.0	-361.0	-579.0	-278.0	-523.0	354.0	-208.0	18.0	29.0	-462.0	-243.0	56.0	528.0	183.0	239.0	-1.0	-361.0	-220.0	682.0	119.0	-419.0	276.0	629.0	-231.0	428.0	-206.0	97.0	-223.0	-220.0	227.0	-196.0	260.0	-176.0	361.0	-342.0	3.0	59.0	-496.0	43.0	15.0	-537.0	-255.0	-215.0	-149.0	115.0	136.0	-139.0	-845.0	629.0	387.0	-117.0	144.0	-356.0	54.0	-95.0	-58.0	49.0	280.0
-100.0	-544.0	240.0	3720.0	76.0	317.0	-351.0	142.0	418.0	496.0	166.0	-29.0	129.0	20.0	235.0	-16.0	-48.0	-423.0	182.0	49.0	169.0	-112.0	466.0	-74.0	-1002.0	255.0	308.0	-47.0	199.0	65.0	-245.0	288.0	-470.0	928.0	-162.0	-97.0	163.0	-40.0	-269.0	-241.0	-19.0	228.0	-260.0	-92.0	257.0	-405.0	3.0	167.0	-918.0	-76.0	-349.0	-220.0	-455.0	-269.0	-367.0	109.0	337.0	-311.0	119.0	617.0	178.0	-81.0	18.0	-267.0	897.0	405.0	203.0	-206.0	143.0	371.0	83.0	161.0	-128.0	-72.0	410.0	-249.0	-232.0	553.0	240.0	-2.0	88.0	-111.0	439.0	123.0	-235.0	91.0	-502.0	89.0	-489.0	-116.0	22.0	220.0	-159.0	48.0	52.0	-642.0	22.0	-139.0	-580.0	67.0
40.0	-79.0	-729.0	76.0	3346.0	249.0	-376.0	203.0	293.0	-386.0	95.0	201.0	-523.0	20.0	-41.0	314.0	-143.0	-156.0	40.0	496.0	122.0	510.0	-126.0	26.0	410.0	-102.0	-99.0	-47.0	349.0	39.0	-114.0	-341.0	-54.0	29.0	97.0	101.0	116.0	-38.0	99.0	-463.0	-68.0	-364.0	112.0	49.0	220.0	-877.0	-591.0	-445.0	313.0	-447.0	-315.0	-369.0	705.0	-889.0	80.0	559.0	-262.0	953.0	-129.0	-17.0	-93.0	-107.0	42.0	263.0	224.0	-130.0	201.0	325.0	-192.0	104.0	40.0	-876.0	-408.0	-441.0	-800.0	12.0	-99.0	162.0	-782.0	230.0	126.0	-554.0	-548.0	-52.0	498.0	521.0	202.0	50.0	-673.0	-165.0	-86.0	31.0	108.0	-831.0	-328.0	-46.0	33.0	-159.0	-185.0	-48.0
346.0	-12.0	-195.0	317.0	249.0	3471.0	78.0	457.0	445.0	572.0	-368.0	-47.0	-118.0	290.0	-180.0	-126.0	-102.0	-386.0	122.0	336.0	230.0	66.0	336.0	-304.0	320.0	-72.0	262.0	-579.0	-933.0	268.0	-373.0	-249.0	120.0	392.0	179.0	309.0	-173.0	-660.0	-54.0	406.0	-127.0	-121.0	507.0	-775.0	63.0	-66.0	-132.0	-259.0	253.0	71.0	4.0	205.0	-39.0	13.0	119.0	-536.0	-201.0	-79.0	634.0	-22.0	-566.0	-130.0	218.0	492.0	479.0	345.0	-903.0	136.0	-327.0	109.0	187.0	256.0	-508.0	185.0	55.0	-228.0	-308.0	-8.0	-154.0	119.0	-109.0	100.0	-266.0	-555.0	37.0	-513.0	-507.0	240.0	-307.0	741.0	-311.0	356.0	75.0	-309.0	-567.0	103.0	292.0	-330.0	-73.0	434.0
-445.0	-282.0	168.0	-351.0	-376.0	78.0	3214.0	-447.0	262.0	-44.0	-233.0	-97.0	377.0	227.0	-119.0	-399.0	-348.0	-393.0	-686.0	270.0	271.0	234.0	-121.0	66.0	-166.0	-52.0	-616.0	-62.0	-257.0	-40.0	-19.0	-69.0	192.0	-231.0	117.0	178.0	33.0	561.0	-170.0	167.0	-8.0	62.0	68.0	235.0	-53.0	-239.0	-657.0	-279.0	-515.0	-130.0	114.0	317.0	8.0	-271.0	211.0	50.0	-297.0	-362.0	115.0	-183.0	258.0	311.0	160.0	-16.0	26.0	90.0	-126.0	-236.0	419.0	-248.0	-93.0	-54.0	107.0	337.0	186.0	-74.0	464.0	-195.0	-208.0	259.0	151.0	135.0	-236.0	-244.0	-452.0	-396.0	-392.0	416.0	75.0	181.0	-261.0	-635.0	353.0	61.0	290.0	281.0	226.0	-129.0	28.0	-125.0
45.0	-355.0	-332.0	142.0	203.0	457.0	-447.0	3521.0	-232.0	101.0	-50.0	350.0	-38.0	-366.0	-43.0	-295.0	-479.0	-374.0	460.0	-169.0	-172.0	-79.0	340.0	496.0	503.0	417.0	51.0	-580.0	-96.0	-110.0	-229.0	39.0	-703.0	-471.0	-8.0	-404.0	-175.0	-355.0	260.0	181.0	196.0	-330.0	-362.0	-228.0	319.0	416.0	-58.0	341.0	40.0	378.0	-408.0	-17.0	-138.0	272.0	-414.0	46.0	64.0	-554.0	449.0	181.0	-415.0	-254.0	-276.0	-118.0	486.0	299.0	274.0	-244.0	-1012.0	-197.0	153.0	286.0	-121.0	-66.0	-179.0	146.0	128.0	-291.0	-259.0	-94.0	302.0	-87.0	544.0	664.0	672.0	-183.0	119.0	11.0	-692.0	843.0	43.0	-57.0	126.0	121.0	-152.0	97.0	398.0	725.0	-211.0	434.0
362.0	118.0	245.0	418.0	293.0	445.0	262.0	-232.0	3094.0	2.0	-33.0	-278.0	-369.0	-245.0	549.0	-318.0	-43.0	314.0	-204.0	-121.0	-480.0	62.0	-77.0	419.0	-178.0	283.0	32.0	-338.0	-101.0	-109.0	-83.0	-44.0	-144.0	111.0	-416.0	-401.0	-100.0	-626.0	-38.0	-157.0	300.0	-353.0	120.0	-183.0	-781.0	40.0	-305.0	-198.0	127.0	37.0	109.0	-211.0	352.0	204.0	-618.0	308.0	2.0	-541.0	-74.0	223.0	365.0	291.0	-518.0	369.0	187.0	-243.0	6.0	-281.0	-211.0	-133.0	671.0	-16.0	-460.0	213.0	281.0	-326.0	-17.0	-391.0	-77.0	119.0	-177.0	184.0	-102.0	-415.0	-247.0	203.0	-442.0	-106.0	174.0	507.0	592.0	-155.0	-284.0	-931.0	23.0	-255.0	432.0	-127.0	-460.0	-79.0
-102.0	123.0	343.0	496.0	-386.0	572.0	-44.0	101.0	2.0	2600.0	102.0	-307.0	58.0	-160.0	24.0	214.0	-440.0	188.0	460.0	-329.0	165.0	-144.0	-101.0	49.0	-51.0	301.0	-345.0	370.0	-649.0	-119.0	-404.0	-16.0	532.0	-737.0	660.0	465.0	114.0	-160.0	-430.0	-297.0	-120.0	-560.0	-62.0	80.0	282.0	513.0	-305.0	-117.0	-240.0	136.0	30.0	82.0	-240.0	-217.0	55.0	-327.0	-49.0	-46.0	97.0	334.0	-449.0	455.0	-27.0	-69.0	284.0	-145.0	-503.0	230.0	-83.0	-253.0	-33.0	67.0	-355.0	-530.0	95.0	-225.0	-247.0	-188.0	-212.0	333.0	-11.0	51.0	388.0	-473.0	198.0	-340.0	-101.0	39.0	56.0	-28.0	-194.0	-73.0	287.0	-166.0	88.0	-118.0	422.0	-546.0	-41.0	367.0
274.0	-559.0	-707.0	166.0	95.0	-368.0	-233.0	-50.0	-33.0	102.0	2795.0	14.0	-73.0	370.0	-109.0	620.0	-26.0	-77.0	-362.0	341.0	-396.0	320.0	-292.0	163.0	-323.0	382.0	-440.0	593.0	-532.0	363.0	353.0	62.0	-122.0	304.0	-118.0	-396.0	424.0	-23.0	-439.0	138.0	-137.0	-87.0	-563.0	210.0	27.0	-205.0	-201.0	296.0	-213.0	-171.0	-77.0	403.0	-493.0	-101.0	-520.0	-36.0	-497.0	192.0	-473.0	-454.0	-383.0	-116.0	9.0	-110.0	-59.0	-356.0	205.0	199.0	389.0	-144.0	-232.0	-48.0	313.0	166.0	206.0	-102.0	290.0	550.0	69.0	328.0	652.0	265.0	734.0	-38.0	-51.0	203.0	335.0	428.0	78.0	315.0	-398.0	-83.0	-90.0	-396.0	68.0	349.0	388.0	44.0	251.0	141.0
38.0	499.0	-146.0	-29.0	201.0	-47.0	-97.0	350.0	-278.0	-307.0	14.0	3402.0	-617.0	582.0	527.0	-241.0	-341.0	220.0	-235.0	-4.0	-57.0	-62.0	123.0	715.0	-164.0	-519.0	387.0	-141.0	564.0	-250.0	40.0	163.0	325.0	21.0	-145.0	-131.0	-171.0	-397.0	212.0	-78.0	272.0	175.0	186.0	3.0	-275.0	-2.0	-131.0	-88.0	313.0	400.0	-826.0	-711.0	27.0	519.0	-118.0	-228.0	-620.0	-557.0	-212.0	32.0	161.0	-196.0	213.0	-218.0	-376.0	-477.0	412.0	-88.0	-166.0	-194.0	117.0	20.0	-280.0	129.0	-439.0	227.0	-138.0	-646.0	559.0	37.0	28.0	48.0	-329.0	331.0	-504.0	-602.0	-94.0	263.0	39.0	512.0	177.0	33.0	380.0	-60.0	339.0	117.0	-235.0	98.0	-88.0	58.0
-9.0	-237.0	-35.0	129.0	-523.0	-118.0	377.0	-38.0	-369.0	58.0	-73.0	-617.0	3190.0	-224.0	-262.0	-380.0	-268.0	-112.0	183.0	54.0	372.0	-318.0	110.0	-732.0	-1088.0	-56.0	22.0	-383.0	246.0	-145.0	351.0	278.0	356.0	-211.0	378.0	360.0	85.0	763.0	341.0	-359.0	-348.0	552.0	-242.0	-301.0	485.0	-132.0	32.0	-267.0	-25.0	371.0	163.0	312.0	-734.0	-217.0	-42.0	-85.0	273.0	-700.0	155.0	118.0	419.0	183.0	460.0	-16.0	-49.0	183.0	-256.0	-110.0	-278.0	191.0	-208.0	-359.0	-123.0	-170.0	141.0	430.0	-13.0	-90.0	-581.0	353.0	173.0	829.0	118.0	-118.0	212.0	386.0	607.0	-76.0	320.0	1032.0	-420.0	-580.0	-258.0	379.0	469.0	340.0	-240.0	-103.0	75.0	79.0
-51.0	-430.0	148.0	20.0	20.0	290.0	227.0	-366.0	-245.0	-160.0	370.0	582.0	-224.0	3614.0	579.0	345.0	66.0	-466.0	50.0	-35.0	-79.0	-75.0	-216.0	338.0	-227.0	-396.0	-299.0	30.0	-113.0	-107.0	-197.0	-219.0	424.0	552.0	-369.0	30.0	4.0	191.0	69.0	-466.0	142.0	250.0	-24.0	-352.0	-182.0	-118.0	-247.0	-198.0	288.0	-338.0	-253.0	482.0	204.0	-362.0	-400.0	-231.0	-531.0	-131.0	-380.0	-182.0	-7.0	-379.0	180.0	659.0	-112.0	-390.0	-121.0	588.0	-381.0	18.0	-304.0	-28.0	-1.0	267.0	193.0	78.0	-94.0	-168.0	689.0	184.0	562.0	421.0	320.0	-109.0	170.0	468.0	-47.0	516.0	-222.0	-40.0	-58.0	-199.0	-299.0	257.0	-194.0	-334.0	467.0	-367.0	-475.0	-576.0
656.0	85.0	287.0	235.0	-41.0	-180.0	-119.0	-43.0	549.0	24.0	-109.0	527.0	-262.0	579.0	3457.0	-193.0	-453.0	324.0	-9.0	-497.0	252.0	-51.0	-97.0	571.0	47.0	-363.0	409.0	470.0	165.0	102.0	-89.0	-272.0	-476.0	209.0	-74.0	-379.0	-149.0	-158.0	58.0	478.0	46.0	224.0	-218.0	-420.0	-1045.0	-409.0	-33.0	-262.0	435.0	-644.0	64.0	167.0	-63.0	8.0	-40.0	-80.0	30.0	-670.0	-385.0	504.0	270.0	-17.0	385.0	347.0	314.0	310.0	-229.0	-229.0	-582.0	-274.0	-165.0	426.0	-96.0	260.0	336.0	-256.0	-759.0	15.0	61.0	37.0	93.0	357.0	-305.0	-191.0	-125.0	286.0	-172.0	-57.0	669.0	656.0	841.0	73.0	-558.0	-668.0	523.0	-302.0	801.0	-586.0	-632.0	-28.0
-620.0	-966.0	-310.0	-16.0	314.0	-126.0	-399.0	-295.0	-318.0	214.0	620.0	-241.0	-380.0	345.0	-193.0	3696.0	185.0	539.0	-96.0	146.0	-648.0	155.0	203.0	-74.0	609.0	94.0	-302.0	378.0	30.0	535.0	706.0	92.0	-139.0	-138.0	298.0	-99.0	-527.0	-91.0	-234.0	-296.0	159.0	-108.0	-321.0	-67.0	209.0	68.0	-135.0	-18.0	232.0	-354.0	273.0	-12.0	362.0	136.0	227.0	-216.0	-207.0	822.0	-468.0	-224.0	51.0	254.0	-666.0	935.0	-115.0	-647.0	-104.0	423.0	-121.0	119.0	74.0	322.0	138.0	-11.0	-302.0	-396.0	216.0	-16.0	293.0	320.0	60.0	-86.0	573.0	30.0	500.0	25.0	-373.0	-65.0	-159.0	-88.0	-458.0	233.0	-108.0	-163.0	162.0	-199.0	-49.0	-330.0	-272.0	426.0
-561.0	189.0	-46.0	-48.0	-143.0	-102.0	-348.0	-479.0	-43.0	-440.0	-26.0	-341.0	-268.0	66.0	-453.0	185.0	3342.0	280.0	105.0	-92.0	-566.0	294.0	-376.0	150.0	216.0	-147.0	287.0	-319.0	45.0	-645.0	346.0	16.0	311.0	432.0	404.0	-170.0	114.0	477.0	-181.0	-450.0	-53.0	459.0	157.0	131.0	123.0	-845.0	-107.0	-146.0	-58.0	117.0	63.0	422.0	-204.0	43.0	140.0	-11.0	271.0	650.0	-318.0	75.0	220.0	-20.0	-646.0	-28.0	-88.0	-256.0	242.0	124.0	740.0	294.0	63.0	195.0	914.0	736.0	-464.0	-39.0	574.0	550.0	-473.0	141.0	-51.0	124.0	129.0	-298.0	256.0	133.0	439.0	-108.0	-134.0	-294.0	205.0	-139.0	-24.0	-201.0	-422.0	155.0	527.0	825.0	277.0	110.0
1.0	-11.0	331.0	-423.0	-156.0	-386.0	-393.0	-374.0	314.0	188.0	-77.0	220.0	-112.0	-466.0	324.0	539.0	280.0	3088.0	131.0	164.0	-204.0	-228.0	-296.0	65.0	-174.0	-424.0	244.0	-90.0	194.0	-114.0	205.0	-52.0	-483.0	-969.0	-123.0	197.0	-418.0	-93.0	-34.0	213.0	185.0	-276.0	-55.0	-626.0	-240.0	232.0	152.0	2.0	587.0	-57.0	385.0	-81.0	149.0	426.0	-345.0	352.0	132.0	314.0	252.0	-83.0	260.0	293.0	-399.0	-7.0	7.0	-347.0	151.0	-275.0	646.0	-19.0	-502.0	-174.0	-460.0	291.0	25.0	-88.0	97.0	39.0	-239.0	-187.0	590.0	214.0	425.0	567.0	-242.0	370.0	-369.0	-646.0	313.0	-12.0	570.0	-354.0	-147.0	-234.0	522.0	3.0	12.0	-219.0	27.0	-15.0
335.0	-38.0	84.0	182.0	40.0	122.0	-686.0	460.0	-204.0	460.0	-362.0	-235.0	183.0	50.0	-9.0	-96.0	105.0	131.0	2960.0	-826.0	-271.0	-364.0	227.0	-316.0	-164.0	148.0	599.0	-642.0	-329.0	-508.0	-337.0	-41.0	29.0	-144.0	451.0	269.0	-170.0	10.0	-263.0	298.0	-143.0	18.0	333.0	-385.0	286.0	-200.0	-141.0	-49.0	-63.0	226.0	-417.0	35.0	-507.0	-7.0	241.0	-105.0	792.0	201.0	144.0	198.0	-37.0	165.0	202.0	-195.0	52.0	-331.0	-400.0	-99.0	-450.0	348.0	-114.0	138.0	-76.0	-480.0	-15.0	-75.0	284.0	78.0	-33.0	-238.0	489.0	193.0	-50.0	-245.0	174.0	-87.0	-93.0	-116.0	-273.0	-298.0	69.0	135.0	410.0	66.0	-403.0	-272.0	-809.0	145.0	-470.0	-210.0
-197.0	-119.0	-32.0	49.0	496.0	336.0	270.0	-169.0	-121.0	-329.0	341.0	-4.0	54.0	-35.0	-497.0	146.0	-92.0	164.0	-826.0	3289.0	215.0	764.0	-351.0	-346.0	-93.0	360.0	-300.0	-30.0	-462.0	171.0	-191.0	323.0	107.0	-134.0	257.0	-177.0	152.0	290.0	-97.0	-536.0	-353.0	346.0	287.0	164.0	-557.0	-266.0	-206.0	822.0	-485.0	-209.0	80.0	-428.0	532.0	-137.0	-44.0	462.0	-457.0	-5.0	330.0	53.0	99.0	405.0	295.0	408.0	40.0	-75.0	66.0	533.0	366.0	-382.0	191.0	-294.0	241.0	-455.0	231.0	-525.0	-25.0	138.0	-105.0	726.0	33.0	194.0	340.0	162.0	474.0	222.0	-297.0	46.0	-75.0	67.0	62.0	292.0	158.0	-278.0	591.0	753.0	-67.0	39.0	272.0	-87.0
-220.0	795.0	34.0	169.0	122.0	230.0	271.0	-172.0	-480.0	165.0	-396.0	-57.0	372.0	-79.0	252.0	-648.0	-566.0	-204.0	-271.0	215.0	3019.0	482.0	199.0	-420.0	-355.0	41.0	-92.0	141.0	444.0	-73.0	-182.0	-516.0	477.0	-156.0	62.0	106.0	334.0	218.0	-164.0	-188.0	-53.0	326.0	231.0	-201.0	-104.0	80.0	-354.0	-126.0	-247.0	-51.0	357.0	-229.0	160.0	-219.0	-25.0	211.0	384.0	-291.0	276.0	94.0	613.0	60.0	876.0	-172.0	90.0	587.0	210.0	-304.0	267.0	-88.0	-339.0	-98.0	-115.0	-185.0	-167.0	148.0	-133.0	137.0	-15.0	-237.0	-41.0	-67.0	-604.0	-19.0	-121.0	-118.0	-72.0	62.0	79.0	-73.0	-525.0	164.0	237.0	66.0	-253.0	44.0	-124.0	390.0	-252.0	-422.0
-606.0	-61.0	-55.0	-112.0	510.0	66.0	234.0	-79.0	62.0	-144.0	320.0	-62.0	-318.0	-75.0	-51.0	155.0	294.0	-228.0	-364.0	764.0	482.0	3609.0	-852.0	460.0	256.0	363.0	275.0	81.0	638.0	128.0	-58.0	236.0	-260.0	78.0	-531.0	255.0	66.0	38.0	45.0	-433.0	-755.0	20.0	-136.0	49.0	219.0	-307.0	-313.0	210.0	93.0	-20.0	-74.0	-338.0	276.0	-229.0	352.0	650.0	318.0	119.0	-303.0	169.0	-371.0	-155.0	-45.0	189.0	-349.0	-415.0	-12.0	316.0	-323.0	106.0	435.0	319.0	504.0	-48.0	-437.0	-452.0	379.0	117.0	337.0	105.0	79.0	-7.0	-807.0	-534.0	-472.0	73.0	688.0	183.0	-205.0	-90.0	-934.0	545.0	1116.0	61.0	-208.0	686.0	-133.0	319.0	-48.0	297.0
283.0	-492.0	123.0	466.0	-126.0	336.0	-121.0	340.0	-77.0	-101.0	-292.0	123.0	110.0	-216.0	-97.0	203.0	-376.0	-296.0	227.0	-351.0	199.0	-852.0	3354.0	-224.0	323.0	110.0	560.0	-413.0	-106.0	540.0	260.0	247.0	88.0	-356.0	-396.0	-449.0	542.0	-299.0	726.0	713.0	-105.0	-891.0	-237.0	-276.0	-203.0	50.0	443.0	-220.0	-124.0	236.0	46.0	-104.0	-635.0	423.0	-122.0	-399.0	66.0	-21.0	782.0	-550.0	-255.0	259.0	-127.0	-169.0	89.0	3.0	312.0	-740.0	343.0	-30.0	421.0	124.0	50.0	189.0	-56.0	195.0	-174.0	-89.0	-325.0	-269.0	246.0	-221.0	-236.0	220.0	130.0	-619.0	-416.0	-283.0	-815.0	153.0	115.0	-435.0	-170.0	554.0	-199.0	130.0	-255.0	-308.0	260.0	-42.0
0.0	654.0	241.0	-74.0	26.0	-304.0	66.0	496.0	419.0	49.0	163.0	715.0	-732.0	338.0	571.0	-74.0	150.0	65.0	-316.0	-346.0	-420.0	460.0	-224.0	3002.0	561.0	-86.0	-110.0	406.0	213.0	-416.0	-641.0	61.0	-498.0	-254.0	-514.0	-87.0	-104.0	107.0	-247.0	-379.0	899.0	-222.0	-330.0	25.0	214.0	-284.0	-134.0	2.0	513.0	-561.0	253.0	-286.0	-147.0	292.0	836.0	311.0	-104.0	-283.0	241.0	9.0	12.0	81.0	-412.0	258.0	-95.0	28.0	-111.0	-13.0	-323.0	-323.0	66.0	163.0	276.0	295.0	-374.0	147.0	-138.0	-810.0	243.0	-59.0	-2.0	-486.0	-287.0	-24.0	303.0	-213.0	381.0	282.0	357.0	33.0	-27.0	47.0	257.0	-173.0	238.0	42.0	-102.0	666.0	631.0	223.0
-112.0	114.0	-52.0	-1002.0	410.0	320.0	-166.0	503.0	-178.0	-51.0	-323.0	-164.0	-1088.0	-227.0	47.0	609.0	216.0	-174.0	-164.0	-93.0	-355.0	256.0	323.0	561.0	3783.0	436.0	106.0	-219.0	203.0	179.0	177.0	-166.0	235.0	-169.0	676.0	-13.0	-750.0	-485.0	-139.0	123.0	89.0	-955.0	512.0	-90.0	12.0	-611.0	-172.0	-781.0	470.0	-339.0	17.0	74.0	354.0	153.0	380.0	57.0	92.0	676.0	326.0	-258.0	-1092.0	-224.0	-601.0	-267.0	-82.0	-461.0	-319.0	133.0	124.0	-551.0	-11.0	-41.0	385.0	-85.0	-419.0	-306.0	236.0	-166.0	-249.0	184.0	-282.0	-803.0	-694.0	288.0	2.0	-473.0	-15.0	162.0	-221.0	-245.0	-2.0	93.0	158.0	-42.0	13.0	148.0	264.0	51.0	-171.0	377.0
128.0	65.0	-390.0	255.0	-102.0	-72.0	-52.0	417.0	283.0	301.0	382.0	-519.0	-56.0	-396.0	-363.0	94.0	-147.0	-424.0	148.0	360.0	41.0	363.0	110.0	-86.0	436.0	3140.0	336.0	-364.0	319.0	-378.0	-179.0	228.0	-155.0	-209.0	-280.0	-425.0	-273.0	-550.0	-148.0	-701.0	-143.0	-706.0	528.0	416.0	-418.0	-267.0	-249.0	-1.0	-668.0	280.0	-17.0	240.0	766.0	-56.0	-6.0	-90.0	-324.0	-651.0	251.0	-192.0	-265.0	-53.0	-591.0	-321.0	67.0	-121.0	-720.0	57.0	-25.0	-174.0	82.0	-266.0	233.0	-173.0	83.0	-781.0	-357.0	237.0	-108.0	332.0	-177.0	-226.0	136.0	-456.0	721.0	-257.0	-59.0	53.0	-5.0	387.0	-147.0	-394.0	37.0	-174.0	214.0	94.0	272.0	-101.0	-751.0	-259.0
-36.0	456.0	357.0	308.0	-99.0	262.0	-616.0	51.0	32.0	-345.0	-440.0	387.0	22.0	-299.0	409.0	-302.0	287.0	244.0	599.0	-300.0	-92.0	275.0	560.0	-110.0	106.0	336.0	3507.0	-353.0	274.0	-1064.0	320.0	256.0	-957.0	208.0	-155.0	-213.0	-568.0	-29.0	-209.0	353.0	-120.0	67.0	149.0	-179.0	-71.0	-347.0	-105.0	-292.0	-371.0	54.0	211.0	154.0	-338.0	761.0	57.0	-301.0	-39.0	-104.0	298.0	-125.0	54.0	-268.0	-10.0	-268.0	-115.0	-572.0	-60.0	-240.0	-222.0	507.0	318.0	157.0	-330.0	-8.0	90.0	-926.0	-263.0	439.0	197.0	-75.0	349.0	-441.0	-510.0	-43.0	314.0	-250.0	573.0	383.0	74.0	183.0	492.0	-241.0	-19.0	-333.0	430.0	87.0	-175.0	-221.0	-177.0	154.0
51.0	154.0	-433.0	-47.0	-47.0	-579.0	-62.0	-580.0	-338.0	370.0	593.0	-141.0	-383.0	30.0	470.0	378.0	-319.0	-90.0	-642.0	-30.0	141.0	81.0	-413.0	406.0	-219.0	-364.0	-353.0	3821.0	-227.0	747.0	284.0	-116.0	31.0	-57.0	106.0	-71.0	431.0	-671.0	36.0	-122.0	418.0	365.0	-581.0	172.0	549.0	427.0	429.0	610.0	435.0	2.0	986.0	136.0	-119.0	146.0	320.0	-373.0	184.0	43.0	-507.0	32.0	220.0	385.0	-7.0	466.0	-498.0	-484.0	-79.0	131.0	181.0	-114.0	218.0	-488.0	305.0	-515.0	-66.0	87.0	-275.0	563.0	320.0	-383.0	-45.0	-234.0	400.0	-240.0	91.0	542.0	286.0	438.0	562.0	548.0	-175.0	211.0	45.0	296.0	294.0	-478.0	1007.0	-530.0	-3.0	-25.0
-526.0	466.0	148.0	199.0	349.0	-933.0	-257.0	-96.0	-101.0	-649.0	-532.0	564.0	246.0	-113.0	165.0	30.0	45.0	194.0	-329.0	-462.0	444.0	638.0	-106.0	213.0	203.0	319.0	274.0	-227.0	3524.0	-124.0	98.0	49.0	-574.0	-33.0	-572.0	-289.0	82.0	-45.0	-367.0	-417.0	-316.0	-134.0	309.0	186.0	370.0	-724.0	242.0	-129.0	156.0	151.0	152.0	-395.0	214.0	120.0	-238.0	-399.0	252.0	-238.0	-127.0	-27.0	305.0	-85.0	-131.0	-184.0	66.0	311.0	429.0	-148.0	-41.0	-713.0	183.0	-778.0	331.0	93.0	-777.0	233.0	-173.0	-366.0	49.0	-2.0	-338.0	-120.0	-839.0	590.0	-700.0	329.0	684.0	308.0	-520.0	-274.0	-198.0	154.0	28.0	420.0	380.0	-28.0	-454.0	141.0	64.0	96.0
253.0	-1007.0	-91.0	65.0	39.0	268.0	-40.0	-110.0	-109.0	-119.0	363.0	-250.0	-145.0	-107.0	102.0	535.0	-645.0	-114.0	-508.0	171.0	-73.0	128.0	540.0	-416.0	179.0	-378.0	-1064.0	747.0	-124.0	3365.0	874.0	-81.0	-94.0	-61.0	-373.0	712.0	933.0	-289.0	412.0	447.0	-259.0	-514.0	-384.0	-190.0	41.0	642.0	135.0	239.0	631.0	-126.0	-78.0	45.0	-499.0	418.0	374.0	197.0	-142.0	447.0	52.0	-207.0	-255.0	-328.0	-64.0	450.0	-134.0	-188.0	-139.0	-160.0	130.0	-18.0	-186.0	149.0	98.0	-49.0	-177.0	522.0	300.0	20.0	-9.0	-71.0	336.0	253.0	197.0	-73.0	-684.0	-361.0	-363.0	12.0	-194.0	179.0	283.0	-191.0	-351.0	-56.0	-188.0	-50.0	-412.0	-146.0	-388.0	454.0
-712.0	-246.0	132.0	-245.0	-114.0	-373.0	-19.0	-229.0	-83.0	-404.0	353.0	40.0	351.0	-197.0	-89.0	706.0	346.0	205.0	-337.0	-191.0	-182.0	-58.0	260.0	-641.0	177.0	-179.0	320.0	284.0	98.0	874.0	3227.0	-329.0	122.0	14.0	-40.0	-44.0	39.0	-316.0	399.0	230.0	414.0	279.0	-5.0	-253.0	-329.0	178.0	217.0	-268.0	339.0	183.0	-212.0	580.0	-384.0	-149.0	225.0	20.0	-304.0	120.0	-325.0	-352.0	454.0	334.0	-393.0	-25.0	-112.0	-149.0	243.0	96.0	233.0	-393.0	-226.0	-279.0	-111.0	-7.0	-718.0	344.0	396.0	123.0	-185.0	30.0	130.0	56.0	162.0	-216.0	-207.0	-81.0	291.0	-492.0	138.0	-31.0	567.0	-450.0	-28.0	278.0	-128.0	1008.0	218.0	-187.0	-371.0	214.0
133.0	-148.0	-368.0	288.0	-341.0	-249.0	-69.0	39.0	-44.0	-16.0	62.0	163.0	278.0	-219.0	-272.0	92.0	16.0	-52.0	-41.0	323.0	-516.0	236.0	247.0	61.0	-166.0	228.0	256.0	-116.0	49.0	-81.0	-329.0	2797.0	-110.0	59.0	-295.0	-542.0	98.0	-137.0	404.0	-98.0	195.0	-76.0	181.0	-28.0	-100.0	484.0	-152.0	377.0	-56.0	-465.0	209.0	224.0	-492.0	983.0	-769.0	-78.0	145.0	215.0	-204.0	-77.0	39.0	309.0	18.0	131.0	-499.0	165.0	-107.0	-270.0	120.0	-40.0	796.0	80.0	378.0	-436.0	-12.0	-1.0	104.0	-63.0	72.0	151.0	529.0	222.0	323.0	411.0	-26.0	-170.0	-332.0	-251.0	-174.0	242.0	12.0	-144.0	383.0	338.0	21.0	564.0	-424.0	50.0	92.0	391.0
152.0	-8.0	-214.0	-470.0	-54.0	120.0	192.0	-703.0	-144.0	532.0	-122.0	325.0	356.0	424.0	-476.0	-139.0	311.0	-483.0	29.0	107.0	477.0	-260.0	88.0	-498.0	235.0	-155.0	-957.0	31.0	-574.0	-94.0	122.0	-110.0	3908.0	97.0	595.0	95.0	126.0	-124.0	628.0	-682.0	69.0	29.0	391.0	-177.0	193.0	255.0	-140.0	-167.0	142.0	180.0	-312.0	-76.0	-284.0	-604.0	517.0	70.0	313.0	28.0	64.0	425.0	-119.0	330.0	148.0	17.0	-43.0	6.0	-224.0	-120.0	249.0	45.0	-520.0	-260.0	796.0	-397.0	-775.0	4.0	175.0	-391.0	-159.0	205.0	-638.0	6.0	-223.0	-556.0	-254.0	-93.0	75.0	83.0	600.0	-582.0	440.0	7.0	429.0	45.0	-32.0	-62.0	-85.0	-434.0	76.0	-78.0
19.0	-131.0	-365.0	928.0	29.0	392.0	-231.0	-471.0	111.0	-737.0	304.0	21.0	-211.0	552.0	209.0	-138.0	432.0	-969.0	-144.0	-134.0	-156.0	78.0	-356.0	-254.0	-169.0	-209.0	208.0	-57.0	-33.0	-61.0	14.0	59.0	97.0	3582.0	69.0	250.0	-272.0	-126.0	-16.0	244.0	-8.0	345.0	731.0	360.0	353.0	-343.0	444.0	-457.0	-148.0	-694.0	-327.0	283.0	-4.0	-99.0	69.0	-557.0	336.0	-15.0	-4.0	147.0	-237.0	-375.0	91.0	-170.0	314.0	302.0	-452.0	130.0	-134.0	-44.0	308.0	-501.0	126.0	350.0	-387.0	122.0	-226.0	474.0	207.0	-62.0	-138.0	-38.0	211.0	-85.0	-487.0	28.0	-534.0	-80.0	578.0	-509.0	-13.0	326.0	-329.0	-36.0	293.0	-268.0	148.0	-204.0	-516.0	-353.0
-55.0	160.0	50.0	-162.0	97.0	179.0	117.0	-8.0	-416.0	660.0	-118.0	-145.0	378.0	-369.0	-74.0	298.0	404.0	-123.0	451.0	257.0	62.0	-531.0	-396.0	-514.0	676.0	-280.0	-155.0	106.0	-572.0	-373.0	-40.0	-295.0	595.0	69.0	3330.0	279.0	-503.0	-33.0	-481.0	-331.0	-451.0	-90.0	449.0	-19.0	60.0	-395.0	-120.0	-79.0	-228.0	33.0	-494.0	106.0	55.0	-267.0	-161.0	536.0	-388.0	207.0	-417.0	456.0	116.0	357.0	462.0	68.0	-211.0	122.0	-408.0	347.0	518.0	-385.0	-167.0	73.0	-163.0	-186.0	-15.0	31.0	251.0	363.0	-206.0	534.0	249.0	461.0	-378.0	-528.0	313.0	40.0	-11.0	292.0	207.0	204.0	-430.0	-391.0	-490.0	-142.0	252.0	267.0	292.0	-10.0	60.0	-38.0
-139.0	-1.0	323.0	-97.0	101.0	309.0	178.0	-404.0	-401.0	465.0	-396.0	-131.0	360.0	30.0	-379.0	-99.0	-170.0	197.0	269.0	-177.0	106.0	255.0	-449.0	-87.0	-13.0	-425.0	-213.0	-71.0	-289.0	712.0	-44.0	-542.0	95.0	250.0	279.0	3321.0	-143.0	149.0	-256.0	-111.0	-366.0	-251.0	-47.0	160.0	707.0	255.0	139.0	-73.0	722.0	-101.0	105.0	221.0	540.0	1.0	933.0	44.0	299.0	620.0	-299.0	127.0	-329.0	-441.0	532.0	38.0	38.0	175.0	-382.0	6.0	-448.0	245.0	-395.0	-174.0	-514.0	-1100.0	291.0	462.0	-142.0	-490.0	-279.0	-197.0	290.0	149.0	-99.0	-485.0	348.0	-209.0	-90.0	43.0	256.0	-186.0	-550.0	-46.0	381.0	60.0	360.0	292.0	-214.0	135.0	-192.0	-74.0
520.0	-75.0	-94.0	163.0	116.0	-173.0	33.0	-175.0	-100.0	114.0	424.0	-171.0	85.0	4.0	-149.0	-527.0	114.0	-418.0	-170.0	152.0	334.0	66.0	542.0	-104.0	-750.0	-273.0	-568.0	431.0	82.0	933.0	39.0	98.0	126.0	-272.0	-503.0	-143.0	3189.0	134.0	140.0	64.0	-329.0	352.0	36.0	136.0	479.0	98.0	25.0	399.0	-144.0	-36.0	298.0	-299.0	-331.0	-342.0	-165.0	-18.0	-388.0	-193.0	168.0	-311.0	263.0	146.0	122.0	414.0	-376.0	317.0	176.0	-133.0	536.0	-615.0	116.0	-174.0	454.0	157.0	-365.0	184.0	47.0	223.0	-203.0	-110.0	10.0	65.0	107.0	-403.0	-315.0	267.0	283.0	107.0	-508.0	-488.0	-300.0	22.0	-120.0	-499.0	-201.0	98.0	182.0	499.0	10.0	395.0
-541.0	-160.0	283.0	-40.0	-38.0	-660.0	561.0	-355.0	-626.0	-160.0	-23.0	-397.0	763.0	191.0	-158.0	-91.0	477.0	-93.0	10.0	290.0	218.0	38.0	-299.0	107.0	-485.0	-550.0	-29.0	-671.0	-45.0	-289.0	-316.0	-137.0	-124.0	-126.0	-33.0	149.0	134.0	3245.0	-358.0	-299.0	-235.0	610.0	-511.0	-243.0	240.0	-360.0	-498.0	-13.0	-370.0	41.0	-218.0	165.0	-202.0	-91.0	406.0	120.0	-358.0	-105.0	92.0	-372.0	384.0	18.0	729.0	-370.0	444.0	-148.0	258.0	95.0	156.0	643.0	-685.0	630.0	170.0	314.0	65.0	336.0	793.0	324.0	444.0	318.0	83.0	85.0	-3.0	-89.0	-167.0	369.0	740.0	199.0	129.0	-275.0	-112.0	167.0	229.0	-328.0	-327.0	292.0	-16.0	322.0	-70.0	-433.0
-90.0	-25.0	-509.0	-269.0	99.0	-54.0	-170.0	260.0	-38.0	-430.0	-439.0	212.0	341.0	69.0	58.0	-234.0	-181.0	-34.0	-263.0	-97.0	-164.0	45.0	726.0	-247.0	-139.0	-148.0	-209.0	36.0	-367.0	412.0	399.0	404.0	628.0	-16.0	-481.0	-256.0	140.0	-358.0	3629.0	126.0	42.0	-367.0	-249.0	-126.0	322.0	323.0	266.0	-304.0	512.0	-46.0	185.0	257.0	-156.0	481.0	-43.0	38.0	-489.0	-474.0	106.0	131.0	3.0	-81.0	-2.0	487.0	-531.0	642.0	-152.0	-81.0	314.0	317.0	203.0	122.0	32.0	364.0	485.0	770.0	-227.0	12.0	92.0	230.0	106.0	350.0	-482.0	484.0	-18.0	79.0	-60.0	-519.0	102.0	251.0	490.0	-604.0	-149.0	-221.0	-357.0	14.0	549.0	-377.0	239.0	-38.0
565.0	-331.0	-47.0	-241.0	-463.0	406.0	167.0	181.0	-157.0	-297.0	138.0	-78.0	-359.0	-466.0	478.0	-296.0	-450.0	213.0	298.0	-536.0	-188.0	-433.0	713.0	-379.0	123.0	-701.0	353.0	-122.0	-417.0	447.0	230.0	-98.0	-682.0	244.0	-331.0	-111.0	64.0	-299.0	126.0	2897.0	295.0	119.0	-161.0	-122.0	-313.0	-247.0	366.0	-230.0	241.0	-107.0	291.0	142.0	-217.0	510.0	-73.0	-103.0	393.0	477.0	711.0	-41.0	-731.0	-41.0	198.0	-607.0	96.0	383.0	-239.0	-602.0	135.0	-5.0	-424.0	187.0	-299.0	465.0	97.0	-60.0	41.0	-210.0	-71.0	-288.0	39.0	552.0	214.0	543.0	-805.0	-607.0	-358.0	-164.0	200.0	109.0	451.0	51.0	100.0	248.0	-97.0	-153.0	-304.0	168.0	189.0	254.0
117.0	425.0	53.0	-19.0	-68.0	-127.0	-8.0	196.0	300.0	-120.0	-137.0	272.0	-348.0	142.0	46.0	159.0	-53.0	185.0	-143.0	-353.0	-53.0	-755.0	-105.0	899.0	89.0	-143.0	-120.0	418.0	-316.0	-259.0	414.0	195.0	69.0	-8.0	-451.0	-366.0	-329.0	-235.0	42.0	295.0	3187.0	-289.0	61.0	-225.0	65.0	651.0	-216.0	192.0	36.0	-139.0	450.0	55.0	-48.0	266.0	246.0	-191.0	525.0	145.0	408.0	29.0	278.0	542.0	-272.0	41.0	-182.0	196.0	225.0	-276.0	259.0	-347.0	191.0	329.0	-390.0	-130.0	-363.0	106.0	-52.0	-437.0	131.0	-73.0	-261.0	-21.0	453.0	784.0	-198.0	114.0	-634.0	93.0	707.0	270.0	483.0	-79.0	-94.0	63.0	-433.0	226.0	161.0	314.0	-115.0	-254.0
-197.0	194.0	-322.0	228.0	-364.0	-121.0	62.0	-330.0	-353.0	-560.0	-87.0	175.0	552.0	250.0	224.0	-108.0	459.0	-276.0	18.0	346.0	326.0	20.0	-891.0	-222.0	-955.0	-706.0	67.0	365.0	-134.0	-514.0	279.0	-76.0	29.0	345.0	-90.0	-251.0	352.0	610.0	-367.0	119.0	-289.0	3394.0	-172.0	309.0	-337.0	56.0	196.0	723.0	-442.0	641.0	-78.0	-92.0	-172.0	-334.0	-318.0	127.0	319.0	-130.0	89.0	480.0	669.0	-88.0	377.0	-23.0	-179.0	54.0	335.0	167.0	213.0	144.0	71.0	102.0	-20.0	-347.0	-214.0	-355.0	296.0	352.0	795.0	168.0	-55.0	246.0	168.0	-176.0	-192.0	370.0	597.0	-156.0	389.0	557.0	-291.0	993.0	329.0	-95.0	282.0	-68.0	-209.0	287.0	31.0	-33.0
-280.0	462.0	513.0	-260.0	112.0	507.0	68.0	-362.0	120.0	-62.0	-563.0	186.0	-242.0	-24.0	-218.0	-321.0	157.0	-55.0	333.0	287.0	231.0	-136.0	-237.0	-330.0	512.0	528.0	149.0	-581.0	309.0	-384.0	-5.0	181.0	391.0	731.0	449.0	-47.0	36.0	-511.0	-249.0	-161.0	61.0	-172.0	3041.0	80.0	-328.0	-533.0	-494.0	-72.0	-338.0	-0.0	-70.0	-101.0	343.0	-166.0	287.0	-87.0	-345.0	-105.0	55.0	66.0	682.0	526.0	-29.0	498.0	-153.0	-94.0	-994.0	113.0	166.0	-287.0	339.0	-347.0	-222.0	-145.0	-662.0	-184.0	-142.0	39.0	-355.0	216.0	-289.0	-402.0	-434.0	-6.0	-88.0	-430.0	-384.0	104.0	-184.0	-723.0	212.0	-1.0	170.0	-542.0	-306.0	255.0	196.0	-117.0	-330.0	172.0
-601.0	416.0	-361.0	-92.0	49.0	-775.0	235.0	-228.0	-183.0	80.0	210.0	3.0	-301.0	-352.0	-420.0	-67.0	131.0	-626.0	-385.0	164.0	-201.0	49.0	-276.0	25.0	-90.0	416.0	-179.0	172.0	186.0	-190.0	-253.0	-28.0	-177.0	360.0	-19.0	160.0	136.0	-243.0	-126.0	-122.0	-225.0	309.0	80.0	3419.0	39.0	-131.0	-104.0	396.0	-139.0	-356.0	502.0	348.0	140.0	-186.0	160.0	101.0	271.0	495.0	-194.0	237.0	161.0	425.0	-459.0	200.0	-449.0	-131.0	-242.0	-94.0	987.0	-615.0	100.0	-253.0	19.0	-258.0	35.0	-419.0	-548.0	-409.0	9.0	125.0	95.0	-177.0	365.0	-12.0	156.0	18.0	-306.0	617.0	-353.0	-169.0	-72.0	233.0	-16.0	114.0	368.0	-10.0	90.0	358.0	278.0	-108.0
-314.0	-95.0	-579.0	257.0	220.0	63.0	-53.0	319.0	-781.0	282.0	27.0	-275.0	485.0	-182.0	-1045.0	209.0	123.0	-240.0	286.0	-557.0	-104.0	219.0	-203.0	214.0	12.0	-418.0	-71.0	549.0	370.0	41.0	-329.0	-100.0	193.0	353.0	60.0	707.0	479.0	240.0	322.0	-313.0	65.0	-337.0	-328.0	39.0	3395.0	-245.0	9.0	-406.0	191.0	-588.0	399.0	-207.0	-126.0	-310.0	764.0	-279.0	409.0	320.0	272.0	478.0	-23.0	-218.0	-243.0	143.0	-461.0	-62.0	-120.0	57.0	-286.0	-188.0	-276.0	-157.0	190.0	-353.0	-220.0	475.0	476.0	-31.0	-146.0	-462.0	-54.0	-259.0	57.0	266.0	-95.0	49.0	-44.0	257.0	-389.0	24.0	-762.0	101.0	512.0	285.0	508.0	-621.0	-312.0	93.0	231.0	-221.0
-55.0	355.0	-278.0	-405.0	-877.0	-66.0	-239.0	416.0	40.0	513.0	-205.0	-2.0	-132.0	-118.0	-409.0	68.0	-845.0	232.0	-200.0	-266.0	80.0	-307.0	50.0	-284.0	-611.0	-267.0	-347.0	427.0	-724.0	642.0	178.0	484.0	255.0	-343.0	-395.0	255.0	98.0	-360.0	323.0	-247.0	651.0	56.0	-533.0	-131.0	-245.0	3582.0	164.0	306.0	5.0	331.0	-181.0	-233.0	-474.0	332.0	-293.0	-648.0	315.0	-477.0	-392.0	136.0	-165.0	441.0	36.0	-226.0	-432.0	204.0	231.0	-681.0	-319.0	531.0	429.0	305.0	-611.0	-348.0	483.0	-275.0	92.0	-170.0	681.0	-190.0	618.0	533.0	729.0	-121.0	-274.0	-95.0	-982.0	-471.0	375.0	471.0	-202.0	30.0	167.0	264.0	-3.0	269.0	-4.0	103.0	139.0	123.0
142.0	-155.0	-523.0	3.0	-591.0	-132.0	-657.0	-58.0	-305.0	-305.0	-201.0	-131.0	32.0	-247.0	-33.0	-135.0	-107.0	152.0	-141.0	-206.0	-354.0	-313.0	443.0	-134.0	-172.0	-249.0	-105.0	429.0	242.0	135.0	217.0	-152.0	-140.0	444.0	-120.0	139.0	25.0	-498.0	266.0	366.0	-216.0	196.0	-494.0	-104.0	9.0	164.0	2866.0	-24.0	613.0	566.0	58.0	264.0	125.0	411.0	-625.0	-277.0	445.0	-212.0	828.0	-10.0	-473.0	-215.0	32.0	-210.0	-149.0	515.0	-170.0	43.0	-165.0	-374.0	60.0	4.0	22.0	41.0	-179.0	148.0	62.0	263.0	200.0	-621.0	-658.0	-213.0	-61.0	217.0	-168.0	3.0	588.0	-816.0	88.0	-57.0	-251.0	181.0	-615.0	497.0	293.0	20.0	-214.0	-592.0	485.0	-2.0
-88.0	-505.0	354.0	167.0	-445.0	-259.0	-279.0	341.0	-198.0	-117.0	296.0	-88.0	-267.0	-198.0	-262.0	-18.0	-146.0	2.0	-49.0	822.0	-126.0	210.0	-220.0	2.0	-781.0	-1.0	-292.0	610.0	-129.0	239.0	-268.0	377.0	-167.0	-457.0	-79.0	-73.0	399.0	-13.0	-304.0	-230.0	192.0	723.0	-72.0	396.0	-406.0	306.0	-24.0	2945.0	-424.0	424.0	185.0	158.0	-216.0	-60.0	-284.0	207.0	465.0	1.0	-424.0	-388.0	303.0	413.0	407.0	109.0	522.0	-192.0	496.0	-213.0	-83.0	154.0	291.0	483.0	259.0	-446.0	128.0	141.0	155.0	-89.0	526.0	24.0	-146.0	203.0	487.0	122.0	211.0	286.0	100.0	442.0	271.0	-227.0	340.0	568.0	123.0	54.0	-223.0	335.0	138.0	371.0	59.0	66.0
288.0	-87.0	-208.0	-918.0	313.0	253.0	-515.0	40.0	127.0	-240.0	-213.0	313.0	-25.0	288.0	435.0	232.0	-58.0	587.0	-63.0	-485.0	-247.0	93.0	-124.0	513.0	470.0	-668.0	-371.0	435.0	156.0	631.0	339.0	-56.0	142.0	-148.0	-228.0	722.0	-144.0	-370.0	512.0	241.0	36.0	-442.0	-338.0	-139.0	191.0	5.0	613.0	-424.0	3308.0	-812.0	182.0	-185.0	280.0	580.0	405.0	85.0	379.0	35.0	-449.0	-240.0	-234.0	-67.0	-211.0	599.0	88.0	32.0	-279.0	24.0	-397.0	-75.0	-431.0	-14.0	70.0	439.0	-445.0	526.0	325.0	-693.0	110.0	-583.0	165.0	857.0	-681.0	8.0	203.0	-188.0	28.0	-253.0	552.0	591.0	-333.0	-317.0	280.0	504.0	167.0	-119.0	35.0	300.0	-40.0	419.0
311.0	-227.0	18.0	-76.0	-447.0	71.0	-130.0	378.0	37.0	136.0	-171.0	400.0	371.0	-338.0	-644.0	-354.0	117.0	-57.0	226.0	-209.0	-51.0	-20.0	236.0	-561.0	-339.0	280.0	54.0	2.0	151.0	-126.0	183.0	-465.0	180.0	-694.0	33.0	-101.0	-36.0	41.0	-46.0	-107.0	-139.0	641.0	-0.0	-356.0	-588.0	331.0	566.0	424.0	-812.0	3274.0	-797.0	-379.0	58.0	154.0	-955.0	-469.0	-218.0	-210.0	352.0	-406.0	13.0	211.0	-66.0	-327.0	-298.0	-555.0	338.0	519.0	342.0	80.0	63.0	320.0	-33.0	-441.0	-13.0	423.0	140.0	449.0	203.0	34.0	-674.0	-156.0	213.0	-48.0	171.0	-325.0	814.0	-381.0	-381.0	209.0	-519.0	271.0	234.0	361.0	-291.0	282.0	-434.0	-13.0	47.0	146.0
-134.0	975.0	29.0	-349.0	-315.0	4.0	114.0	-408.0	109.0	30.0	-77.0	-826.0	163.0	-253.0	64.0	273.0	63.0	385.0	-417.0	80.0	357.0	-74.0	46.0	253.0	17.0	-17.0	211.0	986.0	152.0	-78.0	-212.0	209.0	-312.0	-327.0	-494.0	105.0	298.0	-218.0	185.0	291.0	450.0	-78.0	-70.0	502.0	399.0	-181.0	58.0	185.0	182.0	-797.0	3911.0	325.0	-159.0	600.0	665.0	-10.0	149.0	415.0	-19.0	236.0	661.0	262.0	-71.0	528.0	10.0	-166.0	37.0	-96.0	362.0	-386.0	-16.0	-736.0	10.0	120.0	-154.0	-271.0	-579.0	-212.0	144.0	267.0	312.0	-486.0	231.0	427.0	-216.0	606.0	84.0	733.0	171.0	269.0	-209.0	-249.0	-183.0	-312.0	441.0	-343.0	979.0	-109.0	-211.0	306.0
-90.0	-88.0	-462.0	-220.0	-369.0	205.0	317.0	-17.0	-211.0	82.0	403.0	-711.0	312.0	482.0	167.0	-12.0	422.0	-81.0	35.0	-428.0	-229.0	-338.0	-104.0	-286.0	74.0	240.0	154.0	136.0	-395.0	45.0	580.0	224.0	-76.0	283.0	106.0	221.0	-299.0	165.0	257.0	142.0	55.0	-92.0	-101.0	348.0	-207.0	-233.0	264.0	158.0	-185.0	-379.0	325.0	3861.0	-670.0	-16.0	-160.0	559.0	-264.0	473.0	-140.0	-35.0	-203.0	-32.0	329.0	-30.0	-49.0	49.0	-142.0	-240.0	-40.0	149.0	-249.0	173.0	-359.0	-206.0	543.0	-302.0	-302.0	27.0	-421.0	116.0	271.0	-182.0	974.0	-588.0	276.0	53.0	-381.0	618.0	685.0	81.0	358.0	-814.0	-800.0	-284.0	-564.0	127.0	797.0	133.0	-331.0	-117.0
7.0	111.0	-243.0	-455.0	705.0	-39.0	8.0	-138.0	352.0	-240.0	-493.0	27.0	-734.0	204.0	-63.0	362.0	-204.0	149.0	-507.0	532.0	160.0	276.0	-635.0	-147.0	354.0	766.0	-338.0	-119.0	214.0	-499.0	-384.0	-492.0	-284.0	-4.0	55.0	540.0	-331.0	-202.0	-156.0	-217.0	-48.0	-172.0	343.0	140.0	-126.0	-474.0	125.0	-216.0	280.0	58.0	-159.0	-670.0	3340.0	32.0	105.0	-229.0	-633.0	336.0	-59.0	-240.0	314.0	262.0	311.0	377.0	89.0	200.0	-495.0	400.0	-233.0	-25.0	70.0	-58.0	-399.0	-243.0	-115.0	318.0	455.0	-47.0	20.0	223.0	-708.0	-82.0	-521.0	121.0	534.0	-22.0	-237.0	-278.0	-94.0	-131.0	-599.0	340.0	401.0	-66.0	722.0	-385.0	-44.0	122.0	-274.0	-16.0
136.0	392.0	56.0	-269.0	-889.0	13.0	-271.0	272.0	204.0	-217.0	-101.0	519.0	-217.0	-362.0	8.0	136.0	43.0	426.0	-7.0	-137.0	-219.0	-229.0	423.0	292.0	153.0	-56.0	761.0	146.0	120.0	418.0	-149.0	983.0	-604.0	-99.0	-267.0	1.0	-342.0	-91.0	481.0	510.0	266.0	-334.0	-166.0	-186.0	-310.0	332.0	411.0	-60.0	580.0	154.0	600.0	-16.0	32.0	3356.0	-267.0	-584.0	-50.0	220.0	181.0	-21.0	131.0	156.0	-4.0	55.0	-262.0	90.0	-5.0	240.0	45.0	-34.0	706.0	515.0	249.0	122.0	-59.0	210.0	476.0	103.0	-69.0	18.0	311.0	-25.0	-304.0	691.0	-133.0	-507.0	-113.0	109.0	624.0	272.0	368.0	-60.0	-43.0	-65.0	45.0	-100.0	-428.0	-209.0	161.0	671.0
-215.0	157.0	528.0	-367.0	80.0	119.0	211.0	-414.0	-618.0	55.0	-520.0	-118.0	-42.0	-400.0	-40.0	227.0	140.0	-345.0	241.0	-44.0	-25.0	352.0	-122.0	836.0	380.0	-6.0	57.0	320.0	-238.0	374.0	225.0	-769.0	517.0	69.0	-161.0	933.0	-165.0	406.0	-43.0	-73.0	246.0	-318.0	287.0	160.0	764.0	-293.0	-625.0	-284.0	405.0	-955.0	665.0	-160.0	105.0	-267.0	3329.0	213.0	-22.0	275.0	7.0	430.0	174.0	454.0	121.0	352.0	93.0	-83.0	-603.0	7.0	-102.0	407.0	-521.0	-383.0	145.0	197.0	-500.0	254.0	52.0	-633.0	-228.0	-89.0	-112.0	-358.0	-627.0	-672.0	-149.0	-589.0	-172.0	425.0	598.0	-379.0	302.0	134.0	312.0	60.0	60.0	-21.0	-438.0	339.0	23.0	327.0
-18.0	-790.0	183.0	109.0	559.0	-536.0	50.0	46.0	308.0	-327.0	-36.0	-228.0	-85.0	-231.0	-80.0	-216.0	-11.0	352.0	-105.0	462.0	211.0	650.0	-399.0	311.0	57.0	-90.0	-301.0	-373.0	-399.0	197.0	20.0	-78.0	70.0	-557.0	536.0	44.0	-18.0	120.0	38.0	-103.0	-191.0	127.0	-87.0	101.0	-279.0	-648.0	-277.0	207.0	85.0	-469.0	-10.0	559.0	-229.0	-584.0	213.0	3211.0	-532.0	68.0	261.0	466.0	-50.0	-113.0	-140.0	-4.0	-46.0	-346.0	265.0	-464.0	490.0	-98.0	-586.0	232.0	-423.0	-45.0	-177.0	-223.0	-452.0	-64.0	280.0	-142.0	355.0	-44.0	-233.0	-526.0	-371.0	310.0	-250.0	151.0	-88.0	-330.0	366.0	-721.0	-100.0	-515.0	-383.0	-75.0	-213.0	513.0	-12.0	-341.0
111.0	388.0	239.0	337.0	-262.0	-201.0	-297.0	64.0	2.0	-49.0	-497.0	-620.0	273.0	-531.0	30.0	-207.0	271.0	132.0	792.0	-457.0	384.0	318.0	66.0	-104.0	92.0	-324.0	-39.0	184.0	252.0	-142.0	-304.0	145.0	313.0	336.0	-388.0	299.0	-388.0	-358.0	-489.0	393.0	525.0	319.0	-345.0	271.0	409.0	315.0	445.0	465.0	379.0	-218.0	149.0	-264.0	-633.0	-50.0	-22.0	-532.0	3524.0	427.0	329.0	-71.0	-209.0	82.0	1.0	-436.0	232.0	129.0	89.0	-779.0	-81.0	5.0	274.0	267.0	398.0	-250.0	53.0	-149.0	62.0	-192.0	-214.0	-153.0	-608.0	428.0	-64.0	2.0	-336.0	71.0	170.0	-228.0	135.0	100.0	-286.0	360.0	272.0	406.0	156.0	-128.0	-310.0	-72.0	-506.0	49.0
361.0	-374.0	-1.0	-311.0	953.0	-79.0	-362.0	-554.0	-541.0	-46.0	192.0	-557.0	-700.0	-131.0	-670.0	822.0	650.0	314.0	201.0	-5.0	-291.0	119.0	-21.0	-283.0	676.0	-651.0	-104.0	43.0	-238.0	447.0	120.0	215.0	28.0	-15.0	207.0	620.0	-193.0	-105.0	-474.0	477.0	145.0	-130.0	-105.0	495.0	320.0	-477.0	-212.0	1.0	35.0	-210.0	415.0	473.0	336.0	220.0	275.0	68.0	427.0	3826.0	90.0	347.0	88.0	335.0	-687.0	178.0	188.0	-476.0	512.0	307.0	-93.0	24.0	38.0	-391.0	227.0	-678.0	-194.0	198.0	312.0	-281.0	-585.0	-179.0	545.0	-183.0	30.0	572.0	17.0	-16.0	-303.0	192.0	-559.0	-705.0	60.0	290.0	18.0	11.0	-78.0	186.0	-685.0	140.0	90.0	555.0
279.0	115.0	-361.0	119.0	-129.0	634.0	115.0	449.0	-74.0	97.0	-473.0	-212.0	155.0	-380.0	-385.0	-468.0	-318.0	252.0	144.0	330.0	276.0	-303.0	782.0	241.0	326.0	251.0	298.0	-507.0	-127.0	52.0	-325.0	-204.0	64.0	-4.0	-417.0	-299.0	168.0	92.0	106.0	711.0	408.0	89.0	55.0	-194.0	272.0	-392.0	828.0	-424.0	-449.0	352.0	-19.0	-140.0	-59.0	181.0	7.0	261.0	329.0	90.0	3233.0	4.0	-766.0	-50.0	117.0	-201.0	277.0	3.0	-490.0	-76.0	409.0	-802.0	-515.0	-310.0	-79.0	302.0	-111.0	296.0	88.0	-254.0	-257.0	-33.0	-337.0	-310.0	117.0	447.0	-120.0	-550.0	241.0	-378.0	-174.0	-251.0	528.0	-198.0	352.0	4.0	-39.0	-356.0	-366.0	-25.0	482.0	-462.0
-501.0	-245.0	-220.0	617.0	-17.0	-22.0	-183.0	181.0	223.0	334.0	-454.0	32.0	118.0	-182.0	504.0	-224.0	75.0	-83.0	198.0	53.0	94.0	169.0	-550.0	9.0	-258.0	-192.0	-125.0	32.0	-27.0	-207.0	-352.0	-77.0	425.0	147.0	456.0	127.0	-311.0	-372.0	131.0	-41.0	29.0	480.0	66.0	237.0	478.0	136.0	-10.0	-388.0	-240.0	-406.0	236.0	-35.0	-240.0	-21.0	430.0	466.0	-71.0	347.0	4.0	3235.0	664.0	-29.0	-444.0	361.0	190.0	217.0	564.0	-15.0	-600.0	305.0	-182.0	-2.0	97.0	-475.0	-121.0	-446.0	-579.0	60.0	-73.0	-366.0	267.0	379.0	368.0	-68.0	-421.0	415.0	-1146.0	97.0	351.0	73.0	233.0	471.0	-133.0	-270.0	263.0	-66.0	57.0	-309.0	386.0	33.0
-391.0	575.0	682.0	178.0	-93.0	-566.0	258.0	-415.0	365.0	-449.0	-383.0	161.0	419.0	-7.0	270.0	51.0	220.0	260.0	-37.0	99.0	613.0	-371.0	-255.0	12.0	-1092.0	-265.0	54.0	220.0	305.0	-255.0	454.0	39.0	-119.0	-237.0	116.0	-329.0	263.0	384.0	3.0	-731.0	278.0	669.0	682.0	161.0	-23.0	-165.0	-473.0	303.0	-234.0	13.0	661.0	-203.0	314.0	131.0	174.0	-50.0	-209.0	88.0	-766.0	664.0	3267.0	571.0	-160.0	830.0	80.0	-109.0	389.0	181.0	-19.0	172.0	-143.0	595.0	-377.0	-311.0	-235.0	178.0	132.0	112.0	83.0	135.0	371.0	-17.0	78.0	223.0	639.0	685.0	-149.0	19.0	-165.0	-228.0	-45.0	150.0	-26.0	-231.0	53.0	-53.0	81.0	169.0	-527.0	-89.0
46.0	387.0	119.0	-81.0	-107.0	-130.0	311.0	-254.0	291.0	455.0	-116.0	-196.0	183.0	-379.0	-17.0	254.0	-20.0	293.0	165.0	405.0	60.0	-155.0	259.0	81.0	-224.0	-53.0	-268.0	385.0	-85.0	-328.0	334.0	309.0	330.0	-375.0	357.0	-441.0	146.0	18.0	-81.0	-41.0	542.0	-88.0	526.0	425.0	-218.0	441.0	-215.0	413.0	-67.0	211.0	262.0	-32.0	262.0	156.0	454.0	-113.0	82.0	335.0	-50.0	-29.0	571.0	2888.0	353.0	340.0	-8.0	-392.0	-168.0	-168.0	288.0	-650.0	-158.0	-153.0	-166.0	-326.0	66.0	-208.0	321.0	-141.0	-519.0	446.0	130.0	358.0	-168.0	-40.0	84.0	-363.0	-1020.0	-13.0	-45.0	-218.0	-33.0	158.0	495.0	11.0	-105.0	390.0	-19.0	230.0	486.0	545.0
344.0	376.0	-419.0	18.0	42.0	218.0	160.0	-276.0	-518.0	-27.0	9.0	213.0	460.0	180.0	385.0	-666.0	-646.0	-399.0	202.0	295.0	876.0	-45.0	-127.0	-412.0	-601.0	-591.0	-10.0	-7.0	-131.0	-64.0	-393.0	18.0	148.0	91.0	462.0	532.0	122.0	729.0	-2.0	198.0	-272.0	377.0	-29.0	-459.0	-243.0	36.0	32.0	407.0	-211.0	-66.0	-71.0	329.0	311.0	-4.0	121.0	-140.0	1.0	-687.0	117.0	-444.0	-160.0	353.0	3388.0	66.0	-152.0	513.0	-123.0	65.0	169.0	149.0	174.0	278.0	-86.0	-278.0	467.0	240.0	228.0	60.0	-185.0	496.0	-344.0	155.0	-674.0	-5.0	509.0	-249.0	265.0	286.0	558.0	195.0	-236.0	-222.0	-54.0	-641.0	-72.0	-384.0	24.0	140.0	-85.0	-142.0
