2835.0	-63.0	282.0	-673.0	978.0	-412.0	-220.0	-94.0	-184.0	-68.0	442.0	-78.0	324.0	278.0	228.0	-410.0	510.0	-257.0	439.0	-159.0	-256.0	-14.0	189.0	78.0	-275.0	-38.0	-198.0	-28.0	259.0	-208.0	295.0	357.0	-216.0	-12.0	31.0	372.0	68.0	-103.0	-16.0	-127.0	-383.0	-358.0	203.0	116.0	154.0	-19.0	19.0	-118.0	94.0	-129.0	-244.0	148.0	46.0	-268.0	101.0	52.0	-189.0	-146.0	201.0	-139.0	673.0	-16.0	439.0	-295.0	269.0	413.0	-245.0	-202.0	-183.0	291.0	182.0	-45.0	-30.0	270.0	319.0	-53.0	253.0	-31.0	-142.0	5.0	65.0	-288.0	-140.0	469.0	-258.0	312.0	42.0	-7.0	42.0	-117.0	-204.0	-356.0	440.0	-295.0	142.0	264.0	-177.0	218.0	-61.0	556.0
-63.0	3832.0	-681.0	-217.0	132.0	-36.0	-38.0	-505.0	604.0	-92.0	54.0	-245.0	210.0	838.0	-130.0	-245.0	-117.0	-139.0	224.0	181.0	-196.0	-383.0	-244.0	347.0	593.0	-143.0	91.0	-240.0	-511.0	-619.0	-209.0	110.0	89.0	304.0	-179.0	-403.0	-69.0	-56.0	85.0	-174.0	104.0	-20.0	538.0	241.0	-62.0	-33.0	216.0	-42.0	-408.0	-348.0	-2.0	-341.0	-43.0	398.0	78.0	-572.0	-123.0	524.0	615.0	196.0	-244.0	-342.0	-78.0	-287.0	85.0	221.0	235.0	-46.0	46.0	107.0	97.0	623.0	131.0	195.0	-278.0	-114.0	5.0	273.0	59.0	30.0	-125.0	478.0	538.0	-599.0	-311.0	-106.0	-191.0	402.0	141.0	-222.0	-30.0	695.0	-181.0	-168.0	379.0	108.0	-239.0	319.0	-34.0	244.0
282.0	-681.0	3362.0	182.0	157.0	-44.0	334.0	272.0	-143.0	593.0	114.0	-188.0	-631.0	-87.0	137.0	588.0	391.0	236.0	-97.0	209.0	229.0	139.0	-802.0	-628.0	214.0	213.0	-213.0	-54.0	242.0	-41.0	547.0	-280.0	202.0	227.0	50.0	67.0	497.0	-36.0	256.0	-51.0	-209.0	-378.0	91.0	-29.0	-234.0	-246.0	-119.0	651.0	443.0	625.0	-443.0	364.0	-588.0	304.0	-131.0	128.0	-54.0	-301.0	-163.0	433.0	987.0	207.0	84.0	92.0	-577.0	-67.0	-825.0	102.0	-140.0	636.0	-226.0	-226.0	-422.0	-415.0	649.0	-532.0	130.0	-83.0	-338.0	-495.0	-1.0	-469.0	-124.0	503.0	229.0	312.0	195.0	459.0	-413.0	-283.0	-688.0	-546.0	-363.0	250.0	378.0	-58.0	395.0	-561.0	323.0	-339.0
-673.0	-217.0	182.0	3378.0	-22.0	356.0	-12.0	989.0	207.0	-709.0	-386.0	616.0	-373.0	-27.0	33.0	-138.0	274.0	281.0	-144.0	-307.0	189.0	490.0	-340.0	-114.0	315.0	-155.0	-237.0	-553.0	335.0	263.0	102.0	-396.0	-386.0	77.0	-597.0	-594.0	257.0	176.0	-246.0	-33.0	358.0	67.0	44.0	-696.0	-274.0	404.0	-158.0	-365.0	-219.0	23.0	160.0	364.0	490.0	-8.0	-286.0	-459.0	441.0	-476.0	-171.0	435.0	347.0	-275.0	-155.0	232.0	-505.0	307.0	-477.0	-22.0	20.0	-242.0	31.0	323.0	-211.0	499.0	192.0	-355.0	-330.0	-407.0	-362.0	-395.0	253.0	-379.0	24.0	-267.0	-107.0	85.0	98.0	260.0	-47.0	76.0	-46.0	-439.0	-403.0	-414.0	124.0	-456.0	24.0	-108.0	-333.0	-404.0
978.0	132.0	157.0	-22.0	3448.0	14.0	89.0	267.0	-175.0	-115.0	-136.0	137.0	481.0	128.0	507.0	85.0	-443.0	302.0	33.0	662.0	181.0	50.0	374.0	275.0	94.0	-274.0	-389.0	364.0	-719.0	556.0	-248.0	23.0	-211.0	-267.0	-327.0	514.0	-86.0	-57.0	121.0	-42.0	22.0	-425.0	118.0	5.0	-313.0	153.0	-669.0	251.0	141.0	79.0	-380.0	316.0	-158.0	-701.0	654.0	287.0	-318.0	-116.0	667.0	397.0	827.0	-33.0	448.0	582.0	-343.0	125.0	-169.0	326.0	-81.0	211.0	-333.0	733.0	332.0	-378.0	-386.0	130.0	-506.0	-33.0	773.0	-103.0	-173.0	-265.0	144.0	366.0	1.0	-200.0	-90.0	-236.0	313.0	-43.0	29.0	-228.0	-219.0	-254.0	57.0	272.0	153.0	273.0	-525.0	200.0
-412.0	-36.0	-44.0	356.0	14.0	2948.0	1.0	498.0	266.0	-883.0	-31.0	-232.0	715.0	-522.0	400.0	-78.0	-272.0	293.0	-241.0	-166.0	-391.0	-107.0	29.0	381.0	254.0	-234.0	33.0	50.0	-884.0	471.0	542.0	351.0	-40.0	-205.0	168.0	-126.0	438.0	-29.0	-258.0	-42.0	-474.0	-98.0	-493.0	49.0	-261.0	277.0	178.0	278.0	430.0	74.0	-397.0	-121.0	362.0	-25.0	-86.0	-321.0	302.0	-251.0	24.0	358.0	-446.0	29.0	421.0	540.0	144.0	256.0	-162.0	97.0	74.0	31.0	4.0	622.0	240.0	-453.0	-520.0	-33.0	215.0	-889.0	-334.0	-61.0	-310.0	-432.0	222.0	429.0	-511.0	-41.0	458.0	387.0	-668.0	39.0	-193.0	38.0	193.0	-41.0	-137.0	-115.0	61.0	-351.0	-292.0	235.0
-220.0	-38.0	334.0	-12.0	89.0	1.0	3326.0	483.0	215.0	1125.0	401.0	-138.0	2.0	146.0	-57.0	249.0	-78.0	43.0	-16.0	470.0	64.0	25.0	110.0	216.0	-475.0	-596.0	-347.0	82.0	-296.0	15.0	-433.0	482.0	641.0	-666.0	529.0	-497.0	77.0	9.0	220.0	44.0	-128.0	-69.0	-161.0	445.0	-253.0	332.0	380.0	34.0	-4.0	276.0	-25.0	-301.0	143.0	-123.0	359.0	52.0	164.0	162.0	-292.0	156.0	253.0	18.0	290.0	-188.0	-405.0	-238.0	-40.0	-383.0	426.0	318.0	-338.0	-480.0	194.0	244.0	-971.0	115.0	-286.0	482.0	-38.0	-452.0	192.0	-226.0	190.0	407.0	-96.0	169.0	-186.0	-553.0	570.0	-426.0	-246.0	-392.0	-413.0	421.0	468.0	385.0	-41.0	-394.0	74.0	114.0
-94.0	-505.0	272.0	989.0	267.0	498.0	483.0	3294.0	-526.0	-355.0	-185.0	517.0	-316.0	292.0	-125.0	-79.0	-463.0	174.0	-643.0	431.0	-448.0	-30.0	-307.0	588.0	-484.0	32.0	-24.0	-8.0	309.0	218.0	25.0	-467.0	-182.0	158.0	-98.0	-383.0	62.0	112.0	335.0	579.0	-56.0	225.0	174.0	-166.0	-57.0	-56.0	-435.0	-692.0	-152.0	209.0	-293.0	77.0	470.0	-2.0	-53.0	-74.0	382.0	-141.0	-180.0	422.0	190.0	-458.0	-404.0	640.0	-31.0	-124.0	-7.0	-320.0	-216.0	-100.0	-400.0	126.0	8.0	120.0	-5.0	-90.0	-311.0	-296.0	-172.0	-291.0	209.0	-229.0	256.0	-371.0	123.0	-158.0	357.0	-113.0	-380.0	-591.0	34.0	-459.0	91.0	505.0	-228.0	-169.0	-420.0	-343.0	-646.0	-251.0
-184.0	604.0	-143.0	207.0	-175.0	266.0	215.0	-526.0	3369.0	129.0	222.0	707.0	209.0	431.0	332.0	172.0	311.0	91.0	418.0	-54.0	518.0	-300.0	-64.0	-554.0	84.0	575.0	16.0	-64.0	-284.0	447.0	-33.0	103.0	142.0	-76.0	743.0	-496.0	-2.0	-527.0	58.0	-289.0	-454.0	-46.0	795.0	164.0	94.0	-224.0	187.0	-248.0	162.0	52.0	-29.0	-294.0	220.0	237.0	-206.0	109.0	5.0	56.0	213.0	268.0	-79.0	100.0	113.0	-284.0	-37.0	-290.0	-24.0	29.0	481.0	530.0	330.0	-13.0	-362.0	-365.0	-252.0	88.0	367.0	27.0	467.0	-266.0	-770.0	791.0	-48.0	-21.0	-56.0	111.0	-316.0	-69.0	301.0	-69.0	-188.0	223.0	180.0	76.0	813.0	-498.0	-600.0	-200.0	150.0	376.0
-68.0	-92.0	593.0	-709.0	-115.0	-883.0	1125.0	-355.0	129.0	3642.0	140.0	-259.0	-736.0	155.0	331.0	11.0	-39.0	-311.0	146.0	857.0	-364.0	-67.0	-38.0	-455.0	180.0	66.0	-394.0	460.0	-218.0	118.0	-510.0	-73.0	279.0	-354.0	17.0	-364.0	135.0	-6.0	122.0	-275.0	318.0	-86.0	-120.0	680.0	-68.0	-178.0	464.0	337.0	509.0	-157.0	-120.0	127.0	-255.0	301.0	140.0	307.0	164.0	183.0	-467.0	-160.0	223.0	124.0	234.0	-161.0	-301.0	-509.0	134.0	-491.0	-83.0	-240.0	-413.0	-508.0	93.0	197.0	275.0	318.0	-226.0	-128.0	-30.0	-95.0	29.0	453.0	72.0	210.0	234.0	212.0	-549.0	-67.0	116.0	208.0	-7.0	327.0	-187.0	-183.0	339.0	-43.0	50.0	93.0	251.0	337.0
442.0	54.0	114.0	-386.0	-136.0	-31.0	401.0	-185.0	222.0	140.0	3108.0	226.0	-357.0	4.0	-664.0	390.0	-153.0	439.0	-257.0	244.0	80.0	-464.0	427.0	305.0	-108.0	374.0	378.0	894.0	146.0	-886.0	-390.0	186.0	-277.0	-272.0	767.0	200.0	354.0	-227.0	-139.0	279.0	-74.0	267.0	355.0	48.0	242.0	-114.0	-77.0	119.0	-402.0	-54.0	-504.0	-211.0	164.0	235.0	159.0	136.0	389.0	-290.0	35.0	-28.0	537.0	37.0	8.0	-391.0	450.0	286.0	266.0	-459.0	-209.0	38.0	494.0	-583.0	-425.0	40.0	-516.0	130.0	33.0	-284.0	-256.0	-104.0	142.0	79.0	-104.0	688.0	-389.0	116.0	240.0	-55.0	123.0	156.0	-645.0	338.0	213.0	420.0	147.0	488.0	257.0	433.0	29.0	467.0
-78.0	-245.0	-188.0	616.0	137.0	-232.0	-138.0	517.0	707.0	-259.0	226.0	3641.0	232.0	-116.0	-114.0	-133.0	-415.0	354.0	-655.0	335.0	213.0	-316.0	373.0	149.0	242.0	340.0	541.0	-180.0	333.0	54.0	-130.0	627.0	-179.0	394.0	114.0	-678.0	329.0	-248.0	98.0	-149.0	-881.0	-56.0	-321.0	-274.0	250.0	306.0	512.0	-363.0	236.0	115.0	90.0	-64.0	-123.0	-585.0	-67.0	-389.0	-16.0	-298.0	122.0	181.0	-58.0	69.0	80.0	-107.0	323.0	-229.0	156.0	522.0	23.0	229.0	58.0	494.0	-123.0	-180.0	153.0	-265.0	75.0	-111.0	-54.0	-107.0	213.0	395.0	265.0	-258.0	-252.0	137.0	-57.0	56.0	111.0	-373.0	47.0	-135.0	324.0	-147.0	-541.0	-294.0	-461.0	96.0	-1434.0	-254.0
324.0	210.0	-631.0	-373.0	481.0	715.0	2.0	-316.0	209.0	-736.0	-357.0	232.0	3322.0	-343.0	148.0	-607.0	-326.0	482.0	114.0	-468.0	-50.0	-29.0	261.0	-282.0	131.0	-535.0	155.0	258.0	-619.0	248.0	1.0	577.0	-195.0	309.0	-56.0	34.0	-149.0	-212.0	272.0	-132.0	-392.0	-499.0	99.0	661.0	215.0	338.0	-678.0	-25.0	-23.0	-352.0	-449.0	-493.0	305.0	-29.0	-123.0	-225.0	-287.0	-611.0	396.0	129.0	359.0	-397.0	161.0	119.0	-49.0	223.0	427.0	25.0	83.0	-141.0	-259.0	883.0	775.0	115.0	-515.0	303.0	324.0	-971.0	209.0	254.0	208.0	22.0	239.0	-33.0	-576.0	285.0	-131.0	-373.0	-6.0	170.0	552.0	333.0	194.0	-367.0	-244.0	15.0	167.0	95.0	-208.0	124.0
278.0	838.0	-87.0	-27.0	128.0	-522.0	146.0	292.0	431.0	155.0	4.0	-116.0	-343.0	3270.0	323.0	334.0	-81.0	197.0	185.0	-326.0	78.0	266.0	-462.0	-458.0	-111.0	-166.0	-51.0	81.0	98.0	-90.0	-72.0	-700.0	-157.0	72.0	-139.0	-466.0	-219.0	-166.0	124.0	-409.0	207.0	372.0	127.0	54.0	-65.0	-305.0	-387.0	-99.0	-24.0	-250.0	200.0	-925.0	257.0	676.0	126.0	-112.0	282.0	172.0	-188.0	317.0	123.0	-14.0	-222.0	-380.0	-171.0	155.0	527.0	108.0	389.0	277.0	135.0	57.0	-209.0	-1.0	-238.0	562.0	-669.0	109.0	473.0	-362.0	58.0	289.0	-614.0	-552.0	754.0	-355.0	38.0	15.0	-177.0	-244.0	-571.0	385.0	339.0	-129.0	74.0	-1018.0	-423.0	201.0	168.0	267.0
228.0	-130.0	137.0	33.0	507.0	400.0	-57.0	-125.0	332.0	331.0	-664.0	-114.0	148.0	323.0	3575.0	594.0	1276.0	-70.0	-78.0	-16.0	311.0	-119.0	91.0	450.0	171.0	129.0	508.0	-74.0	-116.0	87.0	116.0	440.0	165.0	335.0	-124.0	-391.0	157.0	-109.0	-203.0	206.0	-438.0	-340.0	96.0	50.0	298.0	-681.0	98.0	-13.0	-270.0	-50.0	153.0	-360.0	107.0	-163.0	261.0	-346.0	102.0	-339.0	229.0	-140.0	-592.0	58.0	4.0	-398.0	69.0	184.0	208.0	429.0	-295.0	129.0	-371.0	505.0	-35.0	54.0	220.0	49.0	106.0	20.0	-62.0	133.0	-396.0	392.0	-822.0	294.0	315.0	-97.0	-104.0	526.0	352.0	113.0	-229.0	-56.0	394.0	-138.0	362.0	-829.0	211.0	-88.0	303.0	564.0
-410.0	-245.0	588.0	-138.0	85.0	-78.0	249.0	-79.0	172.0	11.0	390.0	-133.0	-607.0	334.0	594.0	3187.0	-105.0	545.0	-180.0	-429.0	386.0	620.0	-16.0	357.0	242.0	276.0	-69.0	721.0	495.0	89.0	322.0	-494.0	234.0	98.0	-214.0	-321.0	390.0	77.0	-255.0	60.0	-48.0	281.0	277.0	-589.0	-262.0	-634.0	509.0	39.0	86.0	179.0	375.0	-407.0	-174.0	263.0	154.0	413.0	148.0	-109.0	65.0	-394.0	233.0	-10.0	-158.0	319.0	86.0	262.0	74.0	-192.0	772.0	394.0	-355.0	-245.0	-373.0	-726.0	-236.0	-230.0	-820.0	455.0	269.0	-288.0	66.0	317.0	212.0	269.0	534.0	-149.0	732.0	-420.0	50.0	479.0	-67.0	-137.0	-179.0	490.0	533.0	-443.0	-172.0	-150.0	308.0	-166.0
510.0	-117.0	391.0	274.0	-443.0	-272.0	-78.0	-463.0	311.0	-39.0	-153.0	-415.0	-326.0	-81.0	1276.0	-105.0	3657.0	-538.0	-256.0	-423.0	114.0	-95.0	-221.0	72.0	-35.0	397.0	29.0	-490.0	313.0	-514.0	462.0	153.0	43.0	513.0	138.0	172.0	481.0	-624.0	-522.0	403.0	-298.0	166.0	96.0	-908.0	708.0	-512.0	-207.0	-82.0	131.0	265.0	691.0	-489.0	-211.0	153.0	107.0	432.0	-296.0	468.0	-439.0	58.0	-272.0	310.0	281.0	-472.0	-56.0	92.0	-572.0	-32.0	216.0	-294.0	-38.0	-274.0	-378.0	418.0	439.0	-304.0	921.0	191.0	-410.0	-2.0	68.0	-56.0	-559.0	-295.0	-167.0	-273.0	-581.0	302.0	205.0	469.0	-839.0	-140.0	815.0	13.0	466.0	-127.0	-281.0	189.0	186.0	192.0
-257.0	-139.0	236.0	281.0	302.0	293.0	43.0	174.0	91.0	-311.0	439.0	354.0	482.0	197.0	-70.0	545.0	-538.0	3311.0	279.0	366.0	59.0	18.0	247.0	164.0	87.0	84.0	506.0	-222.0	-269.0	610.0	-247.0	-288.0	156.0	367.0	289.0	-76.0	-113.0	-258.0	5.0	151.0	-330.0	-71.0	-156.0	-350.0	-493.0	-58.0	-304.0	514.0	-201.0	277.0	-78.0	8.0	288.0	314.0	333.0	406.0	37.0	-199.0	93.0	36.0	631.0	-437.0	-168.0	-31.0	-5.0	-143.0	520.0	315.0	333.0	724.0	259.0	-23.0	-552.0	-197.0	-58.0	-139.0	-507.0	109.0	673.0	-198.0	-447.0	-144.0	-589.0	-21.0	42.0	417.0	-89.0	76.0	481.0	-510.0	169.0	-310.0	-276.0	-724.0	4.0	-200.0	771.0	117.0	232.0	-420.0
439.0	224.0	-97.0	-144.0	33.0	-241.0	-16.0	-643.0	418.0	146.0	-257.0	-655.0	114.0	185.0	-78.0	-180.0	-256.0	279.0	2631.0	-379.0	577.0	137.0	346.0	-400.0	-447.0	-119.0	-190.0	84.0	-107.0	547.0	-196.0	-551.0	367.0	-280.0	273.0	80.0	-91.0	175.0	-328.0	-162.0	-131.0	-131.0	530.0	163.0	-77.0	278.0	-88.0	-156.0	-138.0	-198.0	-120.0	6.0	-610.0	295.0	-26.0	214.0	-302.0	285.0	-64.0	494.0	-107.0	66.0	153.0	-268.0	-193.0	-25.0	718.0	65.0	192.0	333.0	381.0	-171.0	66.0	56.0	-23.0	401.0	-206.0	10.0	388.0	405.0	-300.0	138.0	109.0	492.0	281.0	54.0	-30.0	96.0	454.0	-284.0	445.0	122.0	-188.0	-266.0	-74.0	129.0	219.0	-377.0	241.0	-131.0
-159.0	181.0	209.0	-307.0	662.0	-166.0	470.0	431.0	-54.0	857.0	244.0	335.0	-468.0	-326.0	-16.0	-429.0	-423.0	366.0	-379.0	3363.0	-69.0	-48.0	360.0	385.0	-228.0	461.0	24.0	-242.0	-218.0	-249.0	168.0	-360.0	180.0	-157.0	16.0	-2.0	-500.0	-234.0	61.0	731.0	427.0	-470.0	-137.0	160.0	-15.0	265.0	135.0	262.0	-476.0	563.0	-295.0	-173.0	109.0	82.0	334.0	586.0	169.0	199.0	282.0	41.0	-65.0	-533.0	244.0	-277.0	121.0	-491.0	347.0	-47.0	37.0	-9.0	-171.0	111.0	102.0	309.0	43.0	-487.0	-345.0	105.0	-319.0	250.0	-42.0	-190.0	-271.0	357.0	-88.0	-56.0	-912.0	515.0	-282.0	-1112.0	27.0	-353.0	-849.0	-84.0	385.0	392.0	276.0	278.0	-800.0	42.0
-256.0	-196.0	229.0	189.0	181.0	-391.0	64.0	-448.0	518.0	-364.0	80.0	213.0	-50.0	78.0	311.0	386.0	114.0	59.0	577.0	-69.0	3301.0	174.0	274.0	-254.0	-41.0	-125.0	415.0	-120.0	167.0	237.0	-27.0	143.0	-93.0	-470.0	366.0	-36.0	211.0	-400.0	-408.0	-225.0	-4.0	-546.0	232.0	-490.0	-105.0	-109.0	248.0	-508.0	-293.0	51.0	-298.0	-142.0	-264.0	356.0	-614.0	373.0	-66.0	-17.0	122.0	187.0	0.0	290.0	-677.0	-160.0	-115.0	248.0	452.0	422.0	-81.0	-98.0	-300.0	167.0	-290.0	-338.0	-476.0	188.0	-566.0	138.0	303.0	-262.0	52.0	601.0	-772.0	205.0	-466.0	-82.0	299.0	133.0	-21.0	-1141.0	211.0	172.0	86.0	-96.0	34.0	-128.0	295.0	-92.0	375.0	43.0
-14.0	-383.0	139.0	490.0	50.0	-107.0	25.0	-30.0	-300.0	-67.0	-464.0	-316.0	-29.0	266.0	-119.0	620.0	-95.0	18.0	137.0	-48.0	174.0	3565.0	245.0	-330.0	-264.0	354.0	-477.0	-117.0	475.0	164.0	176.0	-864.0	-395.0	481.0	-700.0	130.0	-727.0	282.0	-34.0	-363.0	126.0	-177.0	176.0	15.0	-218.0	143.0	-747.0	187.0	365.0	-323.0	412.0	-20.0	688.0	249.0	-388.0	312.0	8.0	399.0	333.0	193.0	993.0	-125.0	-365.0	474.0	50.0	336.0	-362.0	-41.0	427.0	-62.0	-240.0	148.0	-393.0	-243.0	1.0	-309.0	-865.0	307.0	151.0	-624.0	405.0	32.0	387.0	579.0	223.0	101.0	219.0	-158.0	-413.0	325.0	753.0	-261.0	-268.0	-738.0	265.0	29.0	245.0	-72.0	138.0	-134.0
189.0	-244.0	-802.0	-340.0	374.0	29.0	110.0	-307.0	-64.0	-38.0	427.0	373.0	261.0	-462.0	91.0	-16.0	-221.0	247.0	346.0	360.0	274.0	245.0	3491.0	234.0	-725.0	141.0	-205.0	-39.0	208.0	85.0	424.0	485.0	-186.0	202.0	188.0	66.0	-289.0	532.0	59.0	167.0	-97.0	-430.0	39.0	-221.0	515.0	3.0	-232.0	139.0	-575.0	36.0	70.0	-110.0	64.0	-42.0	389.0	-187.0	86.0	292.0	117.0	-652.0	-225.0	-607.0	-127.0	45.0	-86.0	436.0	392.0	-201.0	4.0	32.0	-109.0	184.0	738.0	187.0	-124.0	-115.0	33.0	11.0	12.0	-157.0	332.0	-246.0	185.0	480.0	374.0	-234.0	-262.0	217.0	99.0	155.0	29.0	387.0	-373.0	-187.0	-526.0	-49.0	-147.0	8.0	39.0	-145.0
78.0	347.0	-628.0	-114.0	275.0	381.0	216.0	588.0	-554.0	-455.0	305.0	149.0	-282.0	-458.0	450.0	357.0	72.0	164.0	-400.0	385.0	-254.0	-330.0	234.0	3970.0	55.0	-213.0	205.0	17.0	-242.0	0.0	146.0	-85.0	-387.0	-29.0	14.0	466.0	-494.0	85.0	113.0	399.0	-185.0	-542.0	-690.0	-223.0	168.0	73.0	-471.0	-257.0	-59.0	603.0	-195.0	-183.0	248.0	-578.0	-522.0	-95.0	610.0	-118.0	-301.0	308.0	-465.0	-371.0	-233.0	97.0	537.0	122.0	261.0	-522.0	131.0	118.0	110.0	-82.0	665.0	-163.0	-133.0	-94.0	57.0	32.0	-318.0	638.0	34.0	34.0	172.0	359.0	-46.0	-87.0	588.0	162.0	-29.0	453.0	984.0	-184.0	218.0	-184.0	-261.0	438.0	-410.0	-137.0	-825.0	114.0
-275.0	593.0	214.0	315.0	94.0	254.0	-475.0	-484.0	84.0	180.0	-108.0	242.0	131.0	-111.0	171.0	242.0	-35.0	87.0	-447.0	-228.0	-41.0	-264.0	-725.0	55.0	3808.0	-804.0	-194.0	308.0	-411.0	-333.0	241.0	133.0	-357.0	-303.0	-569.0	-415.0	563.0	-79.0	-667.0	-272.0	112.0	427.0	-23.0	136.0	267.0	815.0	116.0	344.0	179.0	-389.0	-487.0	-702.0	137.0	283.0	-328.0	-743.0	-410.0	-80.0	-303.0	-346.0	64.0	-61.0	340.0	119.0	-346.0	190.0	349.0	-150.0	-239.0	532.0	-9.0	1249.0	-166.0	288.0	159.0	-633.0	-282.0	-583.0	400.0	266.0	-834.0	456.0	-157.0	-97.0	94.0	397.0	-142.0	240.0	359.0	218.0	183.0	-163.0	324.0	-384.0	94.0	-353.0	370.0	-24.0	-265.0	188.0
-38.0	-143.0	213.0	-155.0	-274.0	-234.0	-596.0	32.0	575.0	66.0	374.0	340.0	-535.0	-166.0	129.0	276.0	397.0	84.0	-119.0	461.0	-125.0	354.0	141.0	-213.0	-804.0	3607.0	802.0	-146.0	389.0	-247.0	32.0	-92.0	449.0	588.0	93.0	294.0	-400.0	-249.0	93.0	494.0	-334.0	658.0	56.0	-105.0	-214.0	-79.0	-113.0	-215.0	104.0	-77.0	258.0	331.0	217.0	-115.0	-166.0	168.0	242.0	33.0	176.0	480.0	161.0	258.0	4.0	-130.0	439.0	-74.0	-257.0	48.0	94.0	310.0	9.0	-760.0	-566.0	-62.0	-134.0	345.0	-65.0	97.0	89.0	131.0	-104.0	-24.0	230.0	127.0	375.0	-784.0	-135.0	698.0	-221.0	-242.0	-20.0	140.0	208.0	423.0	230.0	19.0	-471.0	-8.0	315.0	-137.0
-198.0	91.0	-213.0	-237.0	-389.0	33.0	-347.0	-24.0	16.0	-394.0	378.0	541.0	155.0	-51.0	508.0	-69.0	29.0	506.0	-190.0	24.0	415.0	-477.0	-205.0	205.0	-194.0	802.0	3134.0	-74.0	65.0	310.0	15.0	356.0	162.0	271.0	497.0	178.0	-134.0	136.0	-95.0	-369.0	-55.0	139.0	-507.0	-105.0	-37.0	-237.0	367.0	-284.0	-387.0	13.0	354.0	-541.0	67.0	252.0	445.0	-384.0	-80.0	-19.0	-44.0	10.0	-175.0	-45.0	-507.0	-229.0	787.0	412.0	447.0	285.0	-189.0	116.0	-351.0	-467.0	-92.0	-64.0	-215.0	218.0	-18.0	41.0	85.0	269.0	101.0	955.0	-708.0	-471.0	128.0	265.0	50.0	5.0	333.0	-492.0	-503.0	-208.0	331.0	-153.0	-160.0	-412.0	176.0	398.0	125.0	290.0
-28.0	-240.0	-54.0	-553.0	364.0	50.0	82.0	-8.0	-64.0	460.0	894.0	-180.0	258.0	81.0	-74.0	721.0	-490.0	-222.0	84.0	-242.0	-120.0	-117.0	-39.0	17.0	308.0	-146.0	-74.0	2880.0	64.0	-412.0	-455.0	-583.0	-117.0	-579.0	137.0	66.0	-49.0	-126.0	338.0	-230.0	129.0	143.0	241.0	114.0	576.0	-432.0	-436.0	-50.0	199.0	19.0	-320.0	-412.0	85.0	293.0	329.0	329.0	131.0	191.0	-252.0	-112.0	314.0	-119.0	-384.0	141.0	-5.0	262.0	862.0	-139.0	-415.0	-122.0	102.0	66.0	-265.0	-72.0	-257.0	117.0	-48.0	-418.0	18.0	53.0	-112.0	422.0	84.0	120.0	220.0	-312.0	-12.0	-648.0	181.0	459.0	-273.0	335.0	963.0	483.0	455.0	-184.0	75.0	225.0	-419.0	-190.0
259.0	-511.0	242.0	335.0	-719.0	-884.0	-296.0	309.0	-284.0	-218.0	146.0	333.0	-619.0	98.0	-116.0	495.0	313.0	-269.0	-107.0	-218.0	167.0	475.0	208.0	-242.0	-411.0	389.0	65.0	64.0	2949.0	-313.0	363.0	-481.0	-283.0	320.0	33.0	134.0	-480.0	-7.0	-117.0	156.0	-277.0	82.0	35.0	-203.0	93.0	-146.0	297.0	-4.0	-216.0	250.0	636.0	127.0	150.0	322.0	-44.0	-208.0	8.0	-129.0	-366.0	-571.0	205.0	41.0	-20.0	-127.0	131.0	509.0	-55.0	304.0	191.0	13.0	-9.0	-337.0	-324.0	210.0	427.0	-583.0	-117.0	186.0	61.0	-301.0	596.0	662.0	266.0	-319.0	610.0	23.0	283.0	259.0	-612.0	199.0	-47.0	-157.0	526.0	200.0	127.0	-126.0	-631.0	-282.0	232.0	-502.0
-208.0	-619.0	-41.0	263.0	556.0	471.0	15.0	218.0	447.0	118.0	-886.0	54.0	248.0	-90.0	87.0	89.0	-514.0	610.0	547.0	-249.0	237.0	164.0	85.0	0.0	-333.0	-247.0	310.0	-412.0	-313.0	3498.0	-311.0	172.0	42.0	-180.0	33.0	170.0	387.0	-179.0	396.0	-687.0	-32.0	-666.0	-265.0	-35.0	-121.0	179.0	-19.0	-328.0	-18.0	614.0	23.0	302.0	-402.0	-223.0	295.0	692.0	-143.0	-10.0	142.0	104.0	-207.0	-151.0	297.0	453.0	2.0	-805.0	-241.0	127.0	222.0	481.0	403.0	-267.0	469.0	-712.0	128.0	-135.0	-528.0	-247.0	81.0	268.0	-195.0	589.0	-302.0	-300.0	222.0	40.0	-169.0	31.0	358.0	-306.0	959.0	-109.0	-340.0	-373.0	-282.0	-309.0	-475.0	-142.0	424.0	-138.0
295.0	-209.0	547.0	102.0	-248.0	542.0	-433.0	25.0	-33.0	-510.0	-390.0	-130.0	1.0	-72.0	116.0	322.0	462.0	-247.0	-196.0	168.0	-27.0	176.0	424.0	146.0	241.0	32.0	15.0	-455.0	363.0	-311.0	3675.0	-115.0	-320.0	704.0	-398.0	-73.0	117.0	451.0	-315.0	-603.0	-15.0	-350.0	-407.0	-58.0	62.0	-341.0	521.0	54.0	-204.0	155.0	-66.0	-165.0	-200.0	-84.0	-447.0	-167.0	-15.0	454.0	-253.0	168.0	-408.0	-264.0	463.0	-424.0	144.0	32.0	-497.0	-349.0	475.0	701.0	92.0	145.0	581.0	-40.0	111.0	-304.0	389.0	-201.0	18.0	-361.0	-72.0	-25.0	-214.0	268.0	-91.0	-84.0	243.0	5.0	-585.0	-344.0	-105.0	-194.0	115.0	271.0	51.0	-406.0	-426.0	134.0	-371.0	-61.0
357.0	110.0	-280.0	-396.0	23.0	351.0	482.0	-467.0	103.0	-73.0	186.0	627.0	577.0	-700.0	440.0	-494.0	153.0	-288.0	-551.0	-360.0	143.0	-864.0	485.0	-85.0	133.0	-92.0	356.0	-583.0	-481.0	172.0	-115.0	3583.0	463.0	-401.0	158.0	-287.0	577.0	281.0	377.0	-159.0	-364.0	-255.0	211.0	494.0	155.0	-386.0	722.0	-464.0	-311.0	-79.0	249.0	-158.0	-564.0	-460.0	33.0	-124.0	-123.0	-266.0	-81.0	-356.0	-224.0	96.0	701.0	302.0	-122.0	503.0	-556.0	-22.0	-11.0	-258.0	162.0	179.0	-56.0	353.0	-128.0	-488.0	639.0	-21.0	-402.0	-100.0	568.0	-143.0	-468.0	567.0	-442.0	154.0	-190.0	392.0	-249.0	-162.0	-14.0	150.0	-456.0	273.0	-85.0	200.0	-129.0	585.0	335.0	479.0
-216.0	89.0	202.0	-386.0	-211.0	-40.0	641.0	-182.0	142.0	279.0	-277.0	-179.0	-195.0	-157.0	165.0	234.0	43.0	156.0	367.0	180.0	-93.0	-395.0	-186.0	-387.0	-357.0	449.0	162.0	-117.0	-283.0	42.0	-320.0	463.0	2839.0	164.0	-271.0	-607.0	231.0	475.0	554.0	438.0	-709.0	-213.0	-8.0	-316.0	-73.0	164.0	891.0	15.0	625.0	549.0	188.0	93.0	-514.0	385.0	592.0	-47.0	-57.0	29.0	-213.0	-74.0	-327.0	251.0	356.0	-457.0	-115.0	-82.0	625.0	460.0	189.0	91.0	-193.0	12.0	-203.0	238.0	-439.0	129.0	470.0	-42.0	154.0	322.0	-106.0	168.0	-365.0	357.0	129.0	-901.0	-605.0	-274.0	294.0	-530.0	-500.0	291.0	-464.0	445.0	301.0	-31.0	185.0	-350.0	147.0	-120.0
-12.0	304.0	227.0	77.0	-267.0	-205.0	-666.0	158.0	-76.0	-354.0	-272.0	394.0	309.0	72.0	335.0	98.0	513.0	367.0	-280.0	-157.0	-470.0	481.0	202.0	-29.0	-303.0	588.0	271.0	-579.0	320.0	-180.0	704.0	-401.0	164.0	3609.0	222.0	-263.0	226.0	383.0	-451.0	-131.0	-857.0	-371.0	-338.0	-270.0	-57.0	-225.0	114.0	-33.0	-0.0	103.0	690.0	820.0	-242.0	520.0	195.0	96.0	446.0	407.0	-49.0	-124.0	-64.0	361.0	319.0	-145.0	430.0	-231.0	-10.0	378.0	16.0	-120.0	341.0	-128.0	20.0	-370.0	516.0	173.0	199.0	-393.0	80.0	125.0	193.0	239.0	515.0	-447.0	405.0	288.0	42.0	444.0	-581.0	-319.0	0.0	242.0	543.0	-664.0	-691.0	213.0	-466.0	-186.0	-84.0	-180.0
31.0	-179.0	50.0	-597.0	-327.0	168.0	529.0	-98.0	743.0	17.0	767.0	114.0	-56.0	-139.0	-124.0	-214.0	138.0	289.0	273.0	16.0	366.0	-700.0	188.0	14.0	-569.0	93.0	497.0	137.0	33.0	33.0	-398.0	158.0	-271.0	222.0	3415.0	-249.0	689.0	63.0	-189.0	-97.0	-514.0	568.0	-152.0	-408.0	-634.0	-297.0	-437.0	495.0	-119.0	242.0	94.0	-91.0	17.0	-377.0	-112.0	588.0	-3.0	-225.0	-399.0	297.0	-524.0	207.0	-28.0	-13.0	-56.0	41.0	-330.0	-87.0	-481.0	504.0	347.0	-934.0	-2.0	-460.0	-191.0	309.0	698.0	-155.0	-121.0	-412.0	-265.0	615.0	115.0	-68.0	-217.0	546.0	963.0	216.0	-287.0	-59.0	-680.0	142.0	-81.0	337.0	35.0	146.0	56.0	14.0	332.0	-138.0
372.0	-403.0	67.0	-594.0	514.0	-126.0	-497.0	-383.0	-496.0	-364.0	200.0	-678.0	34.0	-466.0	-391.0	-321.0	172.0	-76.0	80.0	-2.0	-36.0	130.0	66.0	466.0	-415.0	294.0	178.0	66.0	134.0	170.0	-73.0	-287.0	-607.0	-263.0	-249.0	2973.0	-328.0	-557.0	-40.0	186.0	298.0	-245.0	620.0	-43.0	591.0	465.0	-998.0	-33.0	-317.0	-805.0	-409.0	464.0	6.0	-250.0	32.0	396.0	214.0	261.0	113.0	98.0	748.0	53.0	353.0	163.0	-65.0	41.0	-134.0	-30.0	-303.0	65.0	60.0	-180.0	329.0	-78.0	-77.0	-64.0	-210.0	561.0	224.0	533.0	-258.0	-100.0	408.0	302.0	-417.0	25.0	275.0	359.0	43.0	459.0	409.0	-374.0	268.0	-1.0	-242.0	70.0	136.0	-7.0	264.0	189.0
68.0	-69.0	497.0	257.0	-86.0	438.0	77.0	62.0	-2.0	135.0	354.0	329.0	-149.0	-219.0	157.0	390.0	481.0	-113.0	-91.0	-500.0	211.0	-727.0	-289.0	-494.0	563.0	-400.0	-134.0	-49.0	-480.0	387.0	117.0	577.0	231.0	226.0	689.0	-328.0	3391.0	-365.0	-226.0	-39.0	-108.0	500.0	27.0	-495.0	-519.0	-291.0	755.0	-31.0	513.0	116.0	57.0	-117.0	-294.0	147.0	-153.0	208.0	-65.0	275.0	-397.0	-195.0	-450.0	382.0	1028.0	389.0	-457.0	-135.0	-546.0	335.0	-664.0	-639.0	326.0	312.0	-302.0	360.0	452.0	-507.0	685.0	-985.0	-452.0	166.0	35.0	101.0	231.0	213.0	-569.0	238.0	298.0	281.0	-179.0	-114.0	-563.0	12.0	-194.0	333.0	-90.0	-131.0	105.0	-72.0	-215.0	-97.0
-103.0	-56.0	-36.0	176.0	-57.0	-29.0	9.0	112.0	-527.0	-6.0	-227.0	-248.0	-212.0	-166.0	-109.0	77.0	-624.0	-258.0	175.0	-234.0	-400.0	282.0	532.0	85.0	-79.0	-249.0	136.0	-126.0	-7.0	-179.0	451.0	281.0	475.0	383.0	63.0	-557.0	-365.0	3092.0	-193.0	-319.0	-488.0	115.0	404.0	-130.0	-551.0	-304.0	535.0	397.0	379.0	118.0	241.0	41.0	-127.0	39.0	373.0	-565.0	-178.0	-137.0	231.0	107.0	242.0	-293.0	-137.0	282.0	-336.0	195.0	350.0	-256.0	36.0	166.0	387.0	-236.0	506.0	-105.0	267.0	-62.0	-416.0	-330.0	232.0	-502.0	477.0	114.0	-24.0	-44.0	400.0	26.0	556.0	-319.0	-972.0	350.0	362.0	18.0	-624.0	132.0	-139.0	-683.0	-234.0	423.0	702.0	388.0
-16.0	85.0	256.0	-246.0	121.0	-258.0	220.0	335.0	58.0	122.0	-139.0	98.0	272.0	124.0	-203.0	-255.0	-522.0	5.0	-328.0	61.0	-408.0	-34.0	59.0	113.0	-667.0	93.0	-95.0	338.0	-117.0	396.0	-315.0	377.0	554.0	-451.0	-189.0	-40.0	-226.0	-193.0	3742.0	217.0	85.0	-316.0	180.0	482.0	-93.0	99.0	-500.0	128.0	-389.0	198.0	-40.0	-29.0	141.0	147.0	81.0	513.0	-55.0	74.0	-112.0	-541.0	-129.0	-487.0	-291.0	116.0	126.0	-1.0	-310.0	-344.0	-587.0	-355.0	76.0	-123.0	179.0	-137.0	31.0	-878.0	624.0	-291.0	42.0	-164.0	-769.0	117.0	39.0	-459.0	-358.0	446.0	-1091.0	-298.0	211.0	86.0	-417.0	65.0	-156.0	276.0	661.0	-21.0	204.0	146.0	39.0	-47.0
-127.0	-174.0	-51.0	-33.0	-42.0	-42.0	44.0	579.0	-289.0	-275.0	279.0	-149.0	-132.0	-409.0	206.0	60.0	403.0	151.0	-162.0	731.0	-225.0	-363.0	167.0	399.0	-272.0	494.0	-369.0	-230.0	156.0	-687.0	-603.0	-159.0	438.0	-131.0	-97.0	186.0	-39.0	-319.0	217.0	3098.0	128.0	638.0	97.0	-123.0	295.0	614.0	-581.0	-95.0	-103.0	373.0	136.0	207.0	612.0	227.0	356.0	3.0	-87.0	-117.0	156.0	-626.0	151.0	149.0	-120.0	-188.0	-24.0	3.0	743.0	-426.0	-173.0	283.0	36.0	209.0	-252.0	239.0	-348.0	-314.0	296.0	114.0	96.0	401.0	-164.0	-445.0	-390.0	-104.0	19.0	-204.0	-562.0	628.0	-143.0	-143.0	-468.0	-477.0	-263.0	758.0	-279.0	-52.0	-204.0	-529.0	242.0	-266.0
-383.0	104.0	-209.0	358.0	22.0	-474.0	-128.0	-56.0	-454.0	318.0	-74.0	-881.0	-392.0	207.0	-438.0	-48.0	-298.0	-330.0	-131.0	427.0	-4.0	126.0	-97.0	-185.0	112.0	-334.0	-55.0	129.0	-277.0	-32.0	-15.0	-364.0	-709.0	-857.0	-514.0	298.0	-108.0	-488.0	85.0	128.0	3714.0	356.0	-82.0	466.0	-154.0	-700.0	-425.0	-168.0	-836.0	171.0	170.0	165.0	503.0	211.0	-266.0	433.0	410.0	-101.0	22.0	25.0	-39.0	-230.0	-292.0	-228.0	-480.0	-425.0	-209.0	-165.0	-360.0	-532.0	237.0	278.0	-605.0	307.0	-497.0	329.0	-517.0	576.0	-107.0	-141.0	573.0	-597.0	-177.0	-133.0	97.0	-367.0	-417.0	-161.0	347.0	183.0	473.0	-16.0	-477.0	140.0	-389.0	92.0	633.0	-520.0	8.0	288.0
-358.0	-20.0	-378.0	67.0	-425.0	-98.0	-69.0	225.0	-46.0	-86.0	267.0	-56.0	-499.0	372.0	-340.0	281.0	166.0	-71.0	-131.0	-470.0	-546.0	-177.0	-430.0	-542.0	427.0	658.0	139.0	143.0	82.0	-666.0	-350.0	-255.0	-213.0	-371.0	568.0	-245.0	500.0	115.0	-316.0	638.0	356.0	3006.0	-174.0	162.0	-211.0	218.0	-82.0	249.0	-12.0	217.0	964.0	8.0	291.0	-108.0	257.0	-158.0	-90.0	-55.0	-80.0	88.0	24.0	122.0	155.0	247.0	-308.0	45.0	81.0	-397.0	-40.0	251.0	245.0	97.0	-352.0	694.0	-328.0	-73.0	317.0	-244.0	638.0	-396.0	166.0	-159.0	65.0	-581.0	573.0	-22.0	202.0	-132.0	-297.0	249.0	-446.0	-232.0	121.0	477.0	-85.0	-476.0	57.0	18.0	283.0	257.0
203.0	538.0	91.0	44.0	118.0	-493.0	-161.0	174.0	795.0	-120.0	355.0	-321.0	99.0	127.0	96.0	277.0	96.0	-156.0	530.0	-137.0	232.0	176.0	39.0	-690.0	-23.0	56.0	-507.0	241.0	35.0	-265.0	-407.0	211.0	-8.0	-338.0	-152.0	620.0	27.0	404.0	180.0	97.0	-82.0	-174.0	4131.0	160.0	236.0	-172.0	-475.0	-710.0	-482.0	-282.0	-629.0	-268.0	-156.0	-73.0	143.0	331.0	-788.0	-288.0	344.0	147.0	77.0	-424.0	-245.0	211.0	-254.0	-331.0	107.0	90.0	9.0	553.0	444.0	376.0	126.0	-160.0	156.0	-8.0	-162.0	303.0	371.0	-499.0	-341.0	-10.0	151.0	335.0	70.0	412.0	168.0	-99.0	559.0	310.0	-78.0	489.0	-239.0	828.0	843.0	-234.0	303.0	210.0	575.0	-152.0
116.0	241.0	-29.0	-696.0	5.0	49.0	445.0	-166.0	164.0	680.0	48.0	-274.0	661.0	54.0	50.0	-589.0	-908.0	-350.0	163.0	160.0	-490.0	15.0	-221.0	-223.0	136.0	-105.0	-105.0	114.0	-203.0	-35.0	-58.0	494.0	-316.0	-270.0	-408.0	-43.0	-495.0	-130.0	482.0	-123.0	466.0	162.0	160.0	3334.0	-505.0	113.0	72.0	-271.0	-387.0	-711.0	-484.0	438.0	-284.0	635.0	-449.0	-544.0	21.0	-92.0	-224.0	95.0	179.0	-358.0	102.0	190.0	65.0	-660.0	92.0	-783.0	-190.0	-132.0	-328.0	354.0	160.0	235.0	-123.0	525.0	-385.0	-245.0	74.0	-315.0	-445.0	-185.0	651.0	69.0	10.0	298.0	-180.0	186.0	197.0	-254.0	221.0	465.0	-133.0	19.0	-314.0	445.0	175.0	-560.0	322.0	467.0
154.0	-62.0	-234.0	-274.0	-313.0	-261.0	-253.0	-57.0	94.0	-68.0	242.0	250.0	215.0	-65.0	298.0	-262.0	708.0	-493.0	-77.0	-15.0	-105.0	-218.0	515.0	168.0	267.0	-214.0	-37.0	576.0	93.0	-121.0	62.0	155.0	-73.0	-57.0	-634.0	591.0	-519.0	-551.0	-93.0	295.0	-154.0	-211.0	236.0	-505.0	3179.0	73.0	-60.0	10.0	-336.0	25.0	-92.0	-265.0	214.0	-106.0	134.0	-172.0	-263.0	-284.0	270.0	-850.0	-409.0	37.0	-113.0	-556.0	-48.0	342.0	392.0	-342.0	-18.0	-234.0	214.0	320.0	34.0	286.0	-78.0	-316.0	358.0	224.0	-590.0	682.0	-3.0	410.0	-489.0	245.0	98.0	-165.0	-810.0	-20.0	655.0	162.0	-100.0	-99.0	687.0	326.0	-199.0	-141.0	-434.0	-5.0	-432.0	-129.0
-19.0	-33.0	-246.0	404.0	153.0	277.0	332.0	-56.0	-224.0	-178.0	-114.0	306.0	338.0	-305.0	-681.0	-634.0	-512.0	-58.0	278.0	265.0	-109.0	143.0	3.0	73.0	815.0	-79.0	-237.0	-432.0	-146.0	179.0	-341.0	-386.0	164.0	-225.0	-297.0	465.0	-291.0	-304.0	99.0	614.0	-700.0	218.0	-172.0	113.0	73.0	3281.0	-377.0	159.0	29.0	-206.0	-513.0	-79.0	413.0	29.0	270.0	-431.0	-533.0	-64.0	-137.0	-147.0	206.0	356.0	399.0	33.0	402.0	11.0	301.0	-283.0	-60.0	333.0	-217.0	264.0	504.0	542.0	-289.0	108.0	-267.0	-384.0	508.0	699.0	-886.0	-325.0	224.0	-43.0	-168.0	496.0	-201.0	17.0	138.0	-59.0	9.0	-524.0	-62.0	-514.0	-280.0	79.0	203.0	-432.0	-8.0	-141.0
19.0	216.0	-119.0	-158.0	-669.0	178.0	380.0	-435.0	187.0	464.0	-77.0	512.0	-678.0	-387.0	98.0	509.0	-207.0	-304.0	-88.0	135.0	248.0	-747.0	-232.0	-471.0	116.0	-113.0	367.0	-436.0	297.0	-19.0	521.0	722.0	891.0	114.0	-437.0	-998.0	755.0	535.0	-500.0	-581.0	-425.0	-82.0	-475.0	72.0	-60.0	-377.0	3904.0	-85.0	177.0	356.0	672.0	-5.0	-457.0	9.0	-25.0	-804.0	-79.0	307.0	-204.0	-455.0	-597.0	231.0	559.0	-385.0	177.0	-533.0	-349.0	201.0	-98.0	-737.0	-40.0	-35.0	171.0	-25.0	-132.0	298.0	-29.0	-281.0	-299.0	-67.0	210.0	210.0	-68.0	-238.0	11.0	2.0	-172.0	-87.0	84.0	-432.0	-224.0	4.0	83.0	-214.0	370.0	-55.0	-447.0	0.0	-291.0	-16.0
-118.0	-42.0	651.0	-365.0	251.0	278.0	34.0	-692.0	-248.0	337.0	119.0	-363.0	-25.0	-99.0	-13.0	39.0	-82.0	514.0	-156.0	262.0	-508.0	187.0	139.0	-257.0	344.0	-215.0	-284.0	-50.0	-4.0	-328.0	54.0	-464.0	15.0	-33.0	495.0	-33.0	-31.0	397.0	128.0	-95.0	-168.0	249.0	-710.0	-271.0	10.0	159.0	-85.0	3555.0	525.0	246.0	340.0	292.0	251.0	78.0	399.0	214.0	124.0	160.0	183.0	-295.0	299.0	-373.0	10.0	290.0	-49.0	341.0	-428.0	422.0	-71.0	115.0	-478.0	-252.0	-136.0	-132.0	67.0	-188.0	212.0	-451.0	481.0	363.0	145.0	-341.0	379.0	435.0	-111.0	94.0	139.0	-597.0	-8.0	634.0	-375.0	-171.0	-952.0	-36.0	1011.0	-13.0	391.0	-53.0	361.0	480.0
94.0	-408.0	443.0	-219.0	141.0	430.0	-4.0	-152.0	162.0	509.0	-402.0	236.0	-23.0	-24.0	-270.0	86.0	131.0	-201.0	-138.0	-476.0	-293.0	365.0	-575.0	-59.0	179.0	104.0	-387.0	199.0	-216.0	-18.0	-204.0	-311.0	625.0	-0.0	-119.0	-317.0	513.0	379.0	-389.0	-103.0	-836.0	-12.0	-482.0	-387.0	-336.0	29.0	177.0	525.0	3422.0	135.0	140.0	8.0	221.0	-316.0	-322.0	186.0	-41.0	201.0	-23.0	399.0	189.0	89.0	354.0	609.0	-284.0	-145.0	15.0	466.0	623.0	-185.0	-232.0	314.0	155.0	-555.0	382.0	-33.0	776.0	-275.0	290.0	279.0	324.0	134.0	421.0	434.0	-210.0	-139.0	174.0	-556.0	-654.0	-134.0	-96.0	291.0	298.0	68.0	-223.0	116.0	-97.0	10.0	69.0	-642.0
-129.0	-348.0	625.0	23.0	79.0	74.0	276.0	209.0	52.0	-157.0	-54.0	115.0	-352.0	-250.0	-50.0	179.0	265.0	277.0	-198.0	563.0	51.0	-323.0	36.0	603.0	-389.0	-77.0	13.0	19.0	250.0	614.0	155.0	-79.0	549.0	103.0	242.0	-805.0	116.0	118.0	198.0	373.0	171.0	217.0	-282.0	-711.0	25.0	-206.0	356.0	246.0	135.0	3205.0	346.0	195.0	-198.0	-303.0	568.0	729.0	-364.0	-254.0	-53.0	-609.0	-416.0	-3.0	-466.0	-265.0	-99.0	-255.0	2.0	692.0	199.0	649.0	496.0	7.0	-8.0	-277.0	-49.0	-250.0	1011.0	-266.0	-101.0	-111.0	185.0	-377.0	-822.0	-56.0	197.0	209.0	-86.0	-159.0	-306.0	-413.0	93.0	-235.0	21.0	388.0	156.0	163.0	-401.0	-528.0	-160.0	-304.0
-244.0	-2.0	-443.0	160.0	-380.0	-397.0	-25.0	-293.0	-29.0	-120.0	-504.0	90.0	-449.0	200.0	153.0	375.0	691.0	-78.0	-120.0	-295.0	-298.0	412.0	70.0	-195.0	-487.0	258.0	354.0	-320.0	636.0	23.0	-66.0	249.0	188.0	690.0	94.0	-409.0	57.0	241.0	-40.0	136.0	170.0	964.0	-629.0	-484.0	-92.0	-513.0	672.0	340.0	140.0	346.0	3649.0	-137.0	232.0	21.0	459.0	313.0	559.0	507.0	37.0	-498.0	60.0	579.0	158.0	19.0	96.0	78.0	-125.0	-151.0	407.0	-197.0	-46.0	255.0	-139.0	-47.0	-340.0	-391.0	133.0	285.0	78.0	105.0	659.0	36.0	-270.0	-1130.0	461.0	81.0	-526.0	-332.0	-165.0	299.0	-271.0	-156.0	-19.0	223.0	268.0	-104.0	-38.0	150.0	525.0	-402.0
148.0	-341.0	364.0	364.0	316.0	-121.0	-301.0	77.0	-294.0	127.0	-211.0	-64.0	-493.0	-925.0	-360.0	-407.0	-489.0	8.0	6.0	-173.0	-142.0	-20.0	-110.0	-183.0	-702.0	331.0	-541.0	-412.0	127.0	302.0	-165.0	-158.0	93.0	820.0	-91.0	464.0	-117.0	41.0	-29.0	207.0	165.0	8.0	-268.0	438.0	-265.0	-79.0	-5.0	292.0	8.0	195.0	-137.0	3646.0	-317.0	-644.0	-148.0	81.0	-64.0	-341.0	341.0	-33.0	58.0	485.0	130.0	719.0	484.0	-737.0	-335.0	318.0	-128.0	64.0	220.0	-479.0	-133.0	-9.0	121.0	202.0	571.0	-159.0	-31.0	-187.0	220.0	-59.0	734.0	1073.0	-479.0	-170.0	656.0	326.0	-175.0	-77.0	1262.0	98.0	-159.0	-73.0	-205.0	407.0	-359.0	-655.0	54.0	-40.0
46.0	-43.0	-588.0	490.0	-158.0	362.0	143.0	470.0	220.0	-255.0	164.0	-123.0	305.0	257.0	107.0	-174.0	-211.0	288.0	-610.0	109.0	-264.0	688.0	64.0	248.0	137.0	217.0	67.0	85.0	150.0	-402.0	-200.0	-564.0	-514.0	-242.0	17.0	6.0	-294.0	-127.0	141.0	612.0	503.0	291.0	-156.0	-284.0	214.0	413.0	-457.0	251.0	221.0	-198.0	232.0	-317.0	3715.0	256.0	-33.0	-198.0	-291.0	-117.0	-4.0	-283.0	443.0	-404.0	-616.0	-171.0	-461.0	715.0	244.0	-147.0	-105.0	-294.0	317.0	96.0	262.0	374.0	293.0	-147.0	26.0	-229.0	-16.0	128.0	504.0	98.0	-123.0	-549.0	-604.0	667.0	360.0	-494.0	-222.0	129.0	16.0	-307.0	488.0	-320.0	417.0	-811.0	480.0	-14.0	351.0	184.0
-268.0	398.0	304.0	-8.0	-701.0	-25.0	-123.0	-2.0	237.0	301.0	235.0	-585.0	-29.0	676.0	-163.0	263.0	153.0	314.0	295.0	82.0	356.0	249.0	-42.0	-578.0	283.0	-115.0	252.0	293.0	322.0	-223.0	-84.0	-460.0	385.0	520.0	-377.0	-250.0	147.0	39.0	147.0	227.0	211.0	-108.0	-73.0	635.0	-106.0	29.0	9.0	78.0	-316.0	-303.0	21.0	-644.0	256.0	3052.0	649.0	-173.0	330.0	268.0	-663.0	-373.0	319.0	-122.0	-351.0	-102.0	274.0	143.0	1049.0	-280.0	-263.0	-502.0	-243.0	274.0	-415.0	-47.0	135.0	127.0	-523.0	-636.0	124.0	-6.0	398.0	77.0	-133.0	-670.0	-438.0	203.0	-570.0	158.0	-517.0	-418.0	-312.0	180.0	123.0	-261.0	-47.0	-458.0	162.0	-272.0	475.0	642.0
101.0	78.0	-131.0	-286.0	654.0	-86.0	359.0	-53.0	-206.0	140.0	159.0	-67.0	-123.0	126.0	261.0	154.0	107.0	333.0	-26.0	334.0	-614.0	-388.0	389.0	-522.0	-328.0	-166.0	445.0	329.0	-44.0	295.0	-447.0	33.0	592.0	195.0	-112.0	32.0	-153.0	373.0	81.0	356.0	-266.0	257.0	143.0	-449.0	134.0	270.0	-25.0	399.0	-322.0	568.0	459.0	-148.0	-33.0	649.0	3618.0	544.0	-299.0	145.0	35.0	-422.0	-111.0	382.0	187.0	492.0	670.0	-74.0	400.0	-96.0	259.0	-241.0	135.0	-143.0	123.0	-289.0	-292.0	227.0	108.0	296.0	221.0	245.0	203.0	-115.0	-354.0	-390.0	-120.0	329.0	-628.0	-426.0	64.0	-7.0	16.0	-221.0	96.0	-206.0	198.0	-596.0	-320.0	274.0	-130.0	272.0
52.0	-572.0	128.0	-459.0	287.0	-321.0	52.0	-74.0	109.0	307.0	136.0	-389.0	-225.0	-112.0	-346.0	413.0	432.0	406.0	214.0	586.0	373.0	312.0	-187.0	-95.0	-743.0	168.0	-384.0	329.0	-208.0	692.0	-167.0	-124.0	-47.0	96.0	588.0	396.0	208.0	-565.0	513.0	3.0	433.0	-158.0	331.0	-544.0	-172.0	-431.0	-804.0	214.0	186.0	729.0	313.0	81.0	-198.0	-173.0	544.0	3226.0	-380.0	651.0	67.0	147.0	-67.0	121.0	161.0	159.0	156.0	-424.0	-287.0	155.0	209.0	-209.0	356.0	-537.0	-624.0	-498.0	-69.0	-28.0	338.0	347.0	111.0	-46.0	-90.0	43.0	-197.0	499.0	0.0	573.0	-482.0	-318.0	-180.0	-368.0	331.0	352.0	-104.0	35.0	170.0	137.0	122.0	86.0	402.0	-66.0
-189.0	-123.0	-54.0	441.0	-318.0	302.0	164.0	382.0	5.0	164.0	389.0	-16.0	-287.0	282.0	102.0	148.0	-296.0	37.0	-302.0	169.0	-66.0	8.0	86.0	610.0	-410.0	242.0	-80.0	131.0	8.0	-143.0	-15.0	-123.0	-57.0	446.0	-3.0	214.0	-65.0	-178.0	-55.0	-87.0	410.0	-90.0	-788.0	21.0	-263.0	-533.0	-79.0	124.0	-41.0	-364.0	559.0	-64.0	-291.0	330.0	-299.0	-380.0	3403.0	166.0	179.0	287.0	349.0	-393.0	196.0	-116.0	4.0	625.0	-217.0	-165.0	-86.0	-160.0	-332.0	35.0	-501.0	231.0	64.0	86.0	-448.0	-436.0	-68.0	910.0	329.0	-1063.0	-63.0	-191.0	41.0	-806.0	-223.0	565.0	-361.0	-119.0	-74.0	116.0	116.0	209.0	47.0	532.0	102.0	87.0	-527.0	-211.0
-146.0	524.0	-301.0	-476.0	-116.0	-251.0	162.0	-141.0	56.0	183.0	-290.0	-298.0	-611.0	172.0	-339.0	-109.0	468.0	-199.0	285.0	199.0	-17.0	399.0	292.0	-118.0	-80.0	33.0	-19.0	191.0	-129.0	-10.0	454.0	-266.0	29.0	407.0	-225.0	261.0	275.0	-137.0	74.0	-117.0	-101.0	-55.0	-288.0	-92.0	-284.0	-64.0	307.0	160.0	201.0	-254.0	507.0	-341.0	-117.0	268.0	145.0	651.0	166.0	3356.0	-252.0	73.0	321.0	-330.0	250.0	186.0	-300.0	-321.0	292.0	-259.0	-744.0	-578.0	208.0	-266.0	-289.0	87.0	-11.0	-609.0	227.0	209.0	686.0	267.0	81.0	112.0	296.0	-356.0	573.0	26.0	-218.0	-223.0	202.0	-180.0	-246.0	-254.0	182.0	-141.0	422.0	-35.0	-266.0	187.0	87.0	-25.0
201.0	615.0	-163.0	-171.0	667.0	24.0	-292.0	-180.0	213.0	-467.0	35.0	122.0	396.0	-188.0	229.0	65.0	-439.0	93.0	-64.0	282.0	122.0	333.0	117.0	-301.0	-303.0	176.0	-44.0	-252.0	-366.0	142.0	-253.0	-81.0	-213.0	-49.0	-399.0	113.0	-397.0	231.0	-112.0	156.0	22.0	-80.0	344.0	-224.0	270.0	-137.0	-204.0	183.0	-23.0	-53.0	37.0	341.0	-4.0	-663.0	35.0	67.0	179.0	-252.0	2493.0	404.0	149.0	-203.0	-148.0	-165.0	113.0	216.0	50.0	193.0	184.0	413.0	-9.0	53.0	-424.0	-482.0	197.0	210.0	-134.0	628.0	271.0	100.0	-122.0	-250.0	-94.0	323.0	320.0	59.0	-247.0	173.0	278.0	-134.0	164.0	-48.0	-383.0	423.0	13.0	-188.0	404.0	282.0	-29.0	-197.0
-139.0	196.0	433.0	435.0	397.0	358.0	156.0	422.0	268.0	-160.0	-28.0	181.0	129.0	317.0	-140.0	-394.0	58.0	36.0	494.0	41.0	187.0	193.0	-652.0	308.0	-346.0	480.0	10.0	-112.0	-571.0	104.0	168.0	-356.0	-74.0	-124.0	297.0	98.0	-195.0	107.0	-541.0	-626.0	25.0	88.0	147.0	95.0	-850.0	-147.0	-455.0	-295.0	399.0	-609.0	-498.0	-33.0	-283.0	-373.0	-422.0	147.0	287.0	73.0	404.0	3428.0	316.0	-334.0	55.0	-79.0	-174.0	-375.0	-33.0	57.0	77.0	-46.0	-63.0	-386.0	-215.0	-547.0	-57.0	829.0	-271.0	21.0	187.0	-217.0	63.0	78.0	126.0	293.0	152.0	-320.0	465.0	128.0	-172.0	-45.0	637.0	320.0	6.0	-394.0	72.0	-190.0	583.0	561.0	-637.0	-122.0
673.0	-244.0	987.0	347.0	827.0	-446.0	253.0	190.0	-79.0	223.0	537.0	-58.0	359.0	123.0	-592.0	233.0	-272.0	631.0	-107.0	-65.0	0.0	993.0	-225.0	-465.0	64.0	161.0	-175.0	314.0	205.0	-207.0	-408.0	-224.0	-327.0	-64.0	-524.0	748.0	-450.0	242.0	-129.0	151.0	-39.0	24.0	77.0	179.0	-409.0	206.0	-597.0	299.0	189.0	-416.0	60.0	58.0	443.0	319.0	-111.0	-67.0	349.0	321.0	149.0	316.0	3476.0	-263.0	-110.0	447.0	-820.0	326.0	36.0	-94.0	46.0	308.0	-164.0	323.0	-601.0	323.0	-36.0	-275.0	-758.0	-42.0	367.0	-163.0	260.0	-572.0	-143.0	177.0	1.0	214.0	200.0	-513.0	-82.0	72.0	92.0	-441.0	-215.0	-8.0	154.0	-96.0	409.0	373.0	247.0	-277.0
-16.0	-342.0	207.0	-275.0	-33.0	29.0	18.0	-458.0	100.0	124.0	37.0	69.0	-397.0	-14.0	58.0	-10.0	310.0	-437.0	66.0	-533.0	290.0	-125.0	-607.0	-371.0	-61.0	258.0	-45.0	-119.0	41.0	-151.0	-264.0	96.0	251.0	361.0	207.0	53.0	382.0	-293.0	-487.0	149.0	-230.0	122.0	-424.0	-358.0	37.0	356.0	231.0	-373.0	89.0	-3.0	579.0	485.0	-404.0	-122.0	382.0	121.0	-393.0	-330.0	-203.0	-334.0	-263.0	2825.0	409.0	-77.0	230.0	-122.0	-168.0	272.0	181.0	-9.0	377.0	-93.0	-126.0	-338.0	-521.0	336.0	23.0	11.0	-43.0	-97.0	-42.0	-76.0	-218.0	148.0	44.0	-317.0	71.0	452.0	-0.0	197.0	286.0	-151.0	494.0	-35.0	-275.0	277.0	-491.0	-283.0	311.0	-239.0
439.0	-78.0	84.0	-155.0	448.0	421.0	290.0	-404.0	113.0	234.0	8.0	80.0	161.0	-222.0	4.0	-158.0	281.0	-168.0	153.0	244.0	-677.0	-365.0	-127.0	-233.0	340.0	4.0	-507.0	-384.0	-20.0	297.0	463.0	701.0	356.0	319.0	-28.0	353.0	1028.0	-137.0	-291.0	-120.0	-292.0	155.0	-245.0	102.0	-113.0	399.0	559.0	10.0	354.0	-466.0	158.0	130.0	-616.0	-351.0	187.0	161.0	196.0	250.0	-148.0	55.0	-110.0	409.0	3339.0	137.0	-272.0	-196.0	-505.0	129.0	193.0	46.0	438.0	-127.0	-214.0	741.0	16.0	-546.0	3.0	14.0	39.0	633.0	425.0	-184.0	610.0	778.0	551.0	-245.0	-242.0	381.0	-247.0	427.0	-82.0	-309.0	21.0	-171.0	-52.0	529.0	98.0	62.0	-206.0	157.0
