8145.0	-793.0	157.0	491.0	812.0	-515.0	-866.0	-596.0	-726.0	657.0	-225.0	-789.0	-363.0	-847.0	468.0	-38.0	209.0	-1.0	269.0	858.0	-61.0	372.0	18.0	-482.0	173.0	211.0	-583.0	-357.0	196.0	480.0	632.0	695.0	-481.0	2000.0	141.0	422.0	120.0	-533.0	188.0	130.0	68.0	-178.0	406.0	-281.0	-93.0	-225.0	-109.0	-20.0	554.0	164.0	-45.0	-840.0	66.0	-49.0	-453.0	-1226.0	-60.0	-69.0	-514.0	3.0	18.0	872.0	-114.0	211.0	-699.0	-93.0	-575.0	-1177.0	-213.0	-142.0	423.0	29.0	153.0	618.0	-552.0	-492.0	46.0	-8.0	-595.0	1161.0	604.0	821.0	390.0	-263.0	217.0	-445.0	175.0	-852.0	369.0	422.0	-651.0	-52.0	664.0	-718.0	-112.0	503.0	21.0	158.0	45.0	-895.0	240.0	884.0	846.0	-702.0	-375.0	-174.0	154.0	-552.0	579.0	497.0	269.0	-785.0	738.0	-432.0	-596.0	-168.0	395.0	-323.0	225.0	182.0	460.0	-1395.0	663.0	-366.0	-93.0	-420.0	-1004.0	-262.0	-436.0	520.0	-119.0	127.0	1145.0	-55.0	-149.0	332.0	-213.0	100.0	-771.0	159.0	88.0	-334.0	-260.0	-564.0	-21.0	-37.0	-497.0	68.0	-387.0	39.0	-627.0	-45.0	737.0	-143.0	-20.0	1099.0	-803.0	148.0	-215.0	249.0	-435.0	184.0	-129.0	248.0	-66.0	446.0	-430.0	-371.0	780.0	469.0	484.0	-333.0	-65.0	-129.0	-134.0	-561.0	-1159.0	-378.0	50.0	-650.0	-4.0	780.0	-624.0	47.0	-286.0	-658.0	210.0	-389.0	-288.0	859.0	767.0	807.0	-31.0	-121.0	617.0	415.0	-147.0	595.0	546.0	718.0	-512.0	290.0	-351.0	-109.0	411.0	238.0	452.0	-243.0	867.0	389.0	380.0	-27.0	323.0	-81.0	476.0	137.0	94.0	-630.0	962.0	172.0	-1129.0	-412.0	-366.0	-282.0	-389.0	361.0	-128.0	454.0	-436.0	-154.0	-532.0	107.0	-380.0	-1165.0	-1183.0	-178.0	-733.0	-61.0	81.0	-294.0	880.0	323.0	-63.0	235.0	225.0	-223.0	726.0	-300.0	-729.0	350.0
-793.0	9473.0	-551.0	-255.0	-106.0	-545.0	67.0	-90.0	-31.0	-502.0	-476.0	378.0	752.0	-879.0	-33.0	-1037.0	179.0	-436.0	-590.0	-163.0	-3.0	-1401.0	785.0	-1133.0	-264.0	-303.0	-323.0	-19.0	-160.0	804.0	-902.0	-275.0	-227.0	-275.0	-82.0	-116.0	-176.0	91.0	-313.0	12.0	406.0	-218.0	-248.0	505.0	-1278.0	-87.0	681.0	-471.0	-456.0	566.0	-75.0	-225.0	-384.0	-68.0	-470.0	-419.0	13.0	1104.0	1566.0	620.0	-661.0	-564.0	-318.0	-1002.0	470.0	66.0	-350.0	-1009.0	349.0	-62.0	-1403.0	-371.0	475.0	-787.0	240.0	-640.0	-93.0	-456.0	317.0	-582.0	-277.0	39.0	-202.0	-507.0	963.0	21.0	795.0	-447.0	89.0	-349.0	275.0	-66.0	-56.0	-89.0	-344.0	76.0	543.0	178.0	573.0	1096.0	-922.0	-189.0	207.0	167.0	-292.0	349.0	-336.0	-787.0	-216.0	-569.0	-1302.0	-513.0	-170.0	-604.0	945.0	-360.0	-352.0	661.0	-391.0	-369.0	533.0	2153.0	43.0	891.0	-551.0	-809.0	302.0	-368.0	-155.0	38.0	492.0	-334.0	-382.0	619.0	524.0	-223.0	734.0	-93.0	-41.0	434.0	-664.0	-552.0	-847.0	150.0	614.0	-852.0	-611.0	-373.0	-553.0	-638.0	-123.0	-580.0	260.0	-68.0	-362.0	-207.0	160.0	-876.0	-70.0	-291.0	-928.0	-1366.0	-309.0	-562.0	273.0	316.0	-365.0	-100.0	988.0	-267.0	19.0	-507.0	345.0	-1310.0	177.0	-511.0	387.0	251.0	2.0	481.0	924.0	-137.0	-834.0	-458.0	525.0	305.0	1199.0	-80.0	83.0	186.0	197.0	232.0	493.0	569.0	786.0	787.0	5.0	599.0	725.0	-409.0	-10.0	-882.0	-113.0	-367.0	-1001.0	-446.0	362.0	-513.0	102.0	-342.0	75.0	-813.0	93.0	-32.0	-255.0	549.0	787.0	542.0	612.0	346.0	396.0	257.0	98.0	500.0	-430.0	-852.0	-104.0	46.0	-539.0	-796.0	-370.0	692.0	-467.0	-361.0	701.0	68.0	95.0	23.0	-75.0	308.0	-637.0	851.0	40.0	-408.0	364.0	-163.0	37.0	-273.0	-213.0	-755.0
157.0	-551.0	7871.0	570.0	-416.0	-286.0	-617.0	-124.0	751.0	-819.0	654.0	123.0	-98.0	-199.0	-321.0	-136.0	-1001.0	403.0	974.0	-420.0	191.0	-451.0	-558.0	756.0	1064.0	884.0	-397.0	-301.0	-309.0	-728.0	-483.0	-449.0	-149.0	307.0	-174.0	-277.0	105.0	501.0	262.0	-380.0	-694.0	463.0	451.0	-80.0	-108.0	187.0	323.0	-712.0	-787.0	-546.0	389.0	-205.0	744.0	879.0	96.0	-902.0	-342.0	-215.0	-42.0	-109.0	-644.0	-334.0	-314.0	503.0	-421.0	-328.0	-290.0	503.0	279.0	-291.0	49.0	-546.0	122.0	-156.0	289.0	-271.0	-1149.0	-225.0	-266.0	-949.0	5.0	383.0	5.0	-16.0	466.0	111.0	-85.0	-641.0	-274.0	-422.0	-481.0	-249.0	-203.0	86.0	-386.0	-565.0	-154.0	270.0	226.0	-996.0	-197.0	-2.0	-83.0	-46.0	-40.0	-45.0	-844.0	-202.0	-79.0	52.0	-736.0	-147.0	-517.0	-595.0	-3.0	359.0	601.0	107.0	177.0	-468.0	-436.0	-88.0	-183.0	1167.0	2.0	378.0	-424.0	276.0	561.0	-488.0	-144.0	-426.0	-1004.0	-38.0	554.0	732.0	-105.0	-54.0	-502.0	152.0	1082.0	-22.0	515.0	32.0	289.0	616.0	25.0	217.0	696.0	225.0	360.0	-430.0	250.0	10.0	-287.0	-94.0	340.0	568.0	795.0	-748.0	443.0	-237.0	-111.0	-1048.0	-262.0	-706.0	-784.0	-224.0	-592.0	585.0	783.0	-261.0	337.0	185.0	-207.0	-425.0	-668.0	461.0	6.0	971.0	772.0	-266.0	458.0	-49.0	-434.0	-1287.0	392.0	-481.0	-843.0	-317.0	-376.0	-153.0	186.0	-494.0	164.0	-470.0	-500.0	137.0	402.0	-192.0	322.0	146.0	-1327.0	910.0	322.0	-259.0	101.0	563.0	-553.0	-441.0	132.0	235.0	356.0	-346.0	238.0	-581.0	-22.0	-502.0	344.0	-647.0	-887.0	-605.0	-167.0	-358.0	-22.0	374.0	309.0	-512.0	282.0	-514.0	444.0	287.0	-182.0	445.0	-762.0	660.0	-636.0	928.0	-173.0	97.0	-935.0	-538.0	-837.0	-420.0	232.0	385.0	417.0	-25.0	1089.0	664.0
491.0	-255.0	570.0	9071.0	419.0	102.0	-465.0	-507.0	103.0	209.0	-155.0	306.0	115.0	-209.0	-106.0	-209.0	711.0	126.0	-112.0	-1092.0	50.0	734.0	-47.0	507.0	-20.0	212.0	-408.0	1428.0	203.0	-430.0	-367.0	-683.0	294.0	891.0	480.0	-260.0	-1176.0	224.0	137.0	598.0	-957.0	777.0	744.0	-230.0	-523.0	-209.0	-433.0	25.0	-270.0	362.0	149.0	-788.0	426.0	623.0	366.0	-393.0	344.0	-796.0	-290.0	808.0	-269.0	-1505.0	-493.0	-563.0	-464.0	-238.0	-13.0	-180.0	719.0	414.0	-193.0	718.0	-581.0	-608.0	518.0	170.0	224.0	-5.0	-37.0	-277.0	-898.0	-266.0	242.0	-532.0	-64.0	-957.0	-438.0	-407.0	-82.0	137.0	-17.0	1249.0	485.0	-210.0	-433.0	558.0	-1072.0	479.0	900.0	-872.0	982.0	25.0	-247.0	105.0	-1084.0	-93.0	-232.0	-374.0	156.0	-21.0	-24.0	-738.0	-1001.0	-751.0	857.0	-566.0	54.0	-928.0	-983.0	-604.0	-66.0	-702.0	-253.0	202.0	-3.0	-86.0	735.0	713.0	533.0	140.0	-607.0	-221.0	-3.0	445.0	345.0	52.0	-355.0	164.0	-343.0	-316.0	292.0	83.0	-449.0	810.0	-817.0	-488.0	480.0	-150.0	446.0	920.0	456.0	862.0	-783.0	-1258.0	-427.0	98.0	315.0	892.0	585.0	429.0	1046.0	839.0	-772.0	254.0	837.0	446.0	-803.0	248.0	-212.0	479.0	258.0	395.0	-621.0	965.0	-26.0	313.0	-466.0	-324.0	-297.0	892.0	-62.0	95.0	-1303.0	193.0	353.0	763.0	10.0	-333.0	-502.0	-347.0	-901.0	-1138.0	533.0	608.0	-68.0	499.0	-558.0	848.0	-206.0	1078.0	87.0	486.0	-360.0	664.0	331.0	354.0	1561.0	288.0	435.0	194.0	387.0	355.0	-1137.0	332.0	220.0	-293.0	-25.0	331.0	760.0	644.0	-343.0	280.0	-434.0	-145.0	287.0	-291.0	394.0	165.0	-51.0	-2.0	345.0	342.0	-488.0	-518.0	-564.0	520.0	-324.0	801.0	-485.0	-337.0	460.0	182.0	-638.0	-1023.0	-96.0	-509.0	303.0	-858.0	755.0	-1453.0
812.0	-106.0	-416.0	419.0	8211.0	993.0	-163.0	-137.0	-333.0	-105.0	-1277.0	-440.0	760.0	-123.0	-110.0	-920.0	553.0	546.0	-503.0	260.0	548.0	365.0	671.0	218.0	-136.0	174.0	-313.0	-79.0	436.0	-15.0	-209.0	404.0	381.0	374.0	-374.0	1100.0	509.0	-97.0	-147.0	-545.0	-238.0	419.0	722.0	-10.0	-105.0	-432.0	-152.0	-76.0	366.0	-268.0	934.0	-255.0	707.0	245.0	366.0	1.0	48.0	773.0	-38.0	315.0	601.0	350.0	1029.0	232.0	-1080.0	711.0	-438.0	59.0	433.0	-66.0	188.0	-848.0	9.0	56.0	102.0	-341.0	-158.0	608.0	-616.0	-39.0	655.0	297.0	1356.0	-119.0	-371.0	-345.0	-916.0	-234.0	-540.0	-99.0	89.0	166.0	406.0	35.0	-100.0	377.0	-481.0	514.0	902.0	219.0	186.0	-444.0	444.0	216.0	117.0	205.0	-178.0	-1028.0	202.0	-34.0	799.0	763.0	34.0	136.0	-200.0	1175.0	20.0	448.0	388.0	881.0	-81.0	12.0	39.0	-28.0	2.0	-225.0	706.0	532.0	-275.0	-63.0	160.0	-928.0	19.0	192.0	201.0	427.0	-642.0	325.0	624.0	-725.0	-716.0	-86.0	483.0	-574.0	607.0	-510.0	227.0	-1058.0	49.0	-133.0	-726.0	753.0	848.0	222.0	210.0	98.0	-922.0	883.0	-108.0	1216.0	221.0	-146.0	85.0	307.0	603.0	71.0	-141.0	-616.0	356.0	-373.0	-208.0	-240.0	652.0	-562.0	-175.0	602.0	-867.0	-133.0	45.0	118.0	243.0	776.0	-1047.0	-137.0	60.0	461.0	1036.0	923.0	-1073.0	288.0	-20.0	188.0	-418.0	-156.0	214.0	-1578.0	236.0	168.0	-235.0	-263.0	288.0	243.0	133.0	567.0	154.0	279.0	-455.0	51.0	999.0	1147.0	310.0	-329.0	864.0	-662.0	364.0	-476.0	-421.0	-138.0	354.0	438.0	482.0	-125.0	555.0	-1286.0	948.0	-837.0	325.0	-147.0	212.0	965.0	548.0	169.0	-173.0	-315.0	-256.0	-217.0	511.0	-429.0	88.0	782.0	-46.0	-183.0	-552.0	546.0	748.0	-196.0	286.0	234.0	-690.0	45.0
-515.0	-545.0	-286.0	102.0	993.0	8477.0	133.0	-642.0	-360.0	-41.0	437.0	-692.0	926.0	-140.0	170.0	-191.0	-603.0	96.0	-71.0	72.0	154.0	503.0	9.0	255.0	269.0	-144.0	586.0	-414.0	-205.0	107.0	-58.0	-919.0	150.0	-258.0	-150.0	1220.0	-189.0	758.0	664.0	-178.0	-14.0	116.0	196.0	797.0	408.0	-780.0	589.0	736.0	691.0	669.0	50.0	220.0	-158.0	938.0	317.0	-412.0	296.0	-26.0	235.0	-477.0	145.0	197.0	52.0	758.0	645.0	-18.0	732.0	-248.0	626.0	802.0	-1107.0	249.0	-170.0	214.0	-447.0	-566.0	-148.0	-913.0	-266.0	293.0	-223.0	-844.0	-107.0	-40.0	293.0	-291.0	-602.0	469.0	546.0	-547.0	67.0	1259.0	-76.0	-1042.0	-278.0	-8.0	-954.0	-603.0	610.0	202.0	368.0	73.0	654.0	415.0	589.0	1082.0	-22.0	610.0	-48.0	751.0	195.0	527.0	-382.0	950.0	-983.0	-507.0	1024.0	555.0	-415.0	99.0	-466.0	-32.0	-338.0	-650.0	-187.0	18.0	-402.0	45.0	-266.0	128.0	-319.0	-579.0	-748.0	204.0	-615.0	-233.0	-748.0	128.0	-63.0	-857.0	161.0	-238.0	-390.0	-593.0	108.0	280.0	738.0	-363.0	142.0	-478.0	476.0	855.0	-527.0	76.0	811.0	-708.0	-216.0	91.0	-767.0	8.0	550.0	530.0	929.0	308.0	877.0	-427.0	-658.0	-242.0	-64.0	-365.0	131.0	-5.0	853.0	-591.0	60.0	-58.0	334.0	244.0	448.0	544.0	774.0	243.0	190.0	-174.0	179.0	-305.0	-586.0	768.0	-949.0	294.0	519.0	287.0	88.0	186.0	-262.0	-1027.0	-580.0	-740.0	-191.0	-1122.0	420.0	83.0	204.0	-1617.0	177.0	32.0	-168.0	-414.0	212.0	-32.0	-242.0	-277.0	550.0	285.0	720.0	-1255.0	299.0	1158.0	-404.0	-552.0	-296.0	-415.0	-613.0	66.0	-557.0	1092.0	783.0	-562.0	-169.0	-782.0	-882.0	-124.0	19.0	127.0	316.0	-441.0	-160.0	-1165.0	-738.0	694.0	-429.0	-116.0	681.0	-515.0	725.0	383.0	-297.0	785.0	-490.0	318.0
-866.0	67.0	-617.0	-465.0	-163.0	133.0	8032.0	-143.0	187.0	529.0	-602.0	1331.0	-35.0	127.0	-75.0	-414.0	832.0	-58.0	-336.0	190.0	440.0	-1120.0	328.0	83.0	851.0	387.0	467.0	-361.0	-477.0	211.0	-375.0	-76.0	-656.0	-303.0	-426.0	-261.0	-74.0	-496.0	-128.0	-431.0	184.0	307.0	371.0	201.0	423.0	-269.0	-39.0	418.0	242.0	-507.0	-1116.0	1134.0	-789.0	-1102.0	-258.0	562.0	137.0	607.0	476.0	-700.0	449.0	264.0	-183.0	295.0	-271.0	827.0	-385.0	256.0	-801.0	128.0	-1140.0	185.0	-477.0	168.0	496.0	451.0	-483.0	902.0	-506.0	-86.0	608.0	102.0	40.0	496.0	-291.0	-346.0	-593.0	608.0	-923.0	-77.0	103.0	403.0	-433.0	143.0	198.0	-177.0	403.0	776.0	467.0	544.0	-320.0	31.0	-577.0	-414.0	150.0	-55.0	680.0	654.0	518.0	56.0	-1129.0	-336.0	135.0	13.0	-84.0	-504.0	-322.0	-819.0	169.0	-174.0	894.0	-587.0	502.0	-119.0	398.0	-811.0	470.0	269.0	290.0	560.0	769.0	-43.0	835.0	84.0	-940.0	455.0	-625.0	-666.0	14.0	-133.0	-702.0	50.0	-91.0	646.0	-987.0	-498.0	305.0	-714.0	-421.0	-331.0	322.0	-637.0	192.0	1013.0	-95.0	-1320.0	-162.0	-1143.0	277.0	465.0	-497.0	-302.0	-53.0	268.0	141.0	-146.0	985.0	150.0	-47.0	157.0	-11.0	241.0	-266.0	-330.0	-315.0	1185.0	550.0	398.0	53.0	-358.0	358.0	323.0	61.0	652.0	930.0	465.0	299.0	-74.0	753.0	-725.0	-563.0	-174.0	-325.0	-909.0	187.0	-15.0	-338.0	135.0	451.0	-540.0	-556.0	-61.0	-155.0	236.0	815.0	-450.0	266.0	352.0	-509.0	-285.0	-235.0	686.0	877.0	354.0	-780.0	-649.0	-746.0	71.0	93.0	-836.0	348.0	394.0	1025.0	541.0	-1059.0	505.0	-103.0	-803.0	-503.0	63.0	-603.0	-129.0	776.0	-48.0	586.0	182.0	1050.0	-30.0	-456.0	888.0	715.0	-92.0	-271.0	448.0	58.0	-1349.0	-835.0	464.0	-75.0	-275.0
-596.0	-90.0	-124.0	-507.0	-137.0	-642.0	-143.0	8359.0	-314.0	-509.0	-716.0	-556.0	111.0	-246.0	291.0	-272.0	700.0	-495.0	-494.0	134.0	-451.0	310.0	-424.0	-375.0	102.0	147.0	-122.0	344.0	-41.0	-58.0	246.0	-51.0	323.0	-1367.0	728.0	104.0	-286.0	79.0	-1024.0	-143.0	37.0	-1598.0	509.0	967.0	-184.0	-21.0	-138.0	205.0	402.0	-645.0	359.0	419.0	92.0	-1108.0	-95.0	369.0	349.0	-9.0	-243.0	-430.0	65.0	28.0	882.0	949.0	-230.0	54.0	-235.0	-7.0	-255.0	-313.0	1325.0	546.0	533.0	-864.0	-423.0	-390.0	-340.0	-1062.0	659.0	710.0	-177.0	256.0	304.0	4.0	157.0	235.0	764.0	306.0	869.0	-119.0	625.0	-175.0	310.0	208.0	654.0	74.0	368.0	1022.0	97.0	427.0	-426.0	-579.0	-823.0	534.0	-524.0	204.0	224.0	409.0	-401.0	-828.0	-169.0	944.0	509.0	638.0	-627.0	148.0	-468.0	-939.0	283.0	209.0	75.0	-81.0	397.0	1096.0	1015.0	728.0	-182.0	-97.0	-96.0	570.0	-352.0	-391.0	-148.0	-28.0	942.0	-314.0	1131.0	364.0	423.0	850.0	99.0	-633.0	-274.0	-274.0	460.0	138.0	-102.0	-592.0	1161.0	-105.0	396.0	59.0	-267.0	-100.0	-11.0	664.0	-749.0	-600.0	292.0	160.0	-878.0	-447.0	82.0	110.0	-342.0	-888.0	241.0	-159.0	579.0	-446.0	-543.0	395.0	-83.0	-116.0	-534.0	269.0	-31.0	536.0	-68.0	638.0	-270.0	236.0	-335.0	-20.0	64.0	1008.0	1062.0	278.0	-765.0	607.0	-814.0	1120.0	-977.0	600.0	-199.0	157.0	65.0	-316.0	67.0	407.0	-509.0	-450.0	-440.0	739.0	-179.0	316.0	-396.0	327.0	-592.0	290.0	-244.0	-317.0	390.0	-623.0	-408.0	-952.0	951.0	805.0	87.0	163.0	385.0	-557.0	444.0	-383.0	698.0	203.0	-277.0	75.0	245.0	405.0	57.0	121.0	40.0	694.0	351.0	183.0	36.0	-202.0	-313.0	-356.0	64.0	647.0	229.0	62.0	114.0	382.0	329.0	-165.0	-89.0	328.0
-726.0	-31.0	751.0	103.0	-333.0	-360.0	187.0	-314.0	8182.0	958.0	210.0	-493.0	322.0	684.0	-9.0	164.0	-731.0	-0.0	789.0	129.0	-177.0	284.0	173.0	792.0	209.0	630.0	-446.0	-495.0	-9.0	351.0	431.0	31.0	-83.0	-1075.0	-463.0	-293.0	-776.0	-802.0	377.0	-748.0	102.0	490.0	154.0	194.0	-74.0	280.0	26.0	-529.0	488.0	-678.0	231.0	655.0	163.0	-1223.0	-757.0	-427.0	285.0	-333.0	165.0	-534.0	-674.0	-302.0	-323.0	-1356.0	-35.0	-340.0	458.0	-233.0	-197.0	294.0	170.0	123.0	826.0	-625.0	-861.0	-1590.0	-141.0	-139.0	-95.0	-283.0	-350.0	597.0	-353.0	-648.0	469.0	369.0	87.0	396.0	394.0	266.0	-684.0	-345.0	-346.0	228.0	-88.0	320.0	46.0	712.0	-143.0	265.0	529.0	103.0	-82.0	14.0	339.0	-200.0	219.0	-9.0	-527.0	-805.0	-938.0	-23.0	-249.0	177.0	-249.0	143.0	160.0	-245.0	828.0	-477.0	-161.0	-36.0	90.0	47.0	-786.0	936.0	-109.0	-888.0	-300.0	166.0	792.0	571.0	577.0	695.0	203.0	-235.0	-182.0	-829.0	-453.0	1184.0	390.0	36.0	-253.0	-215.0	137.0	157.0	1184.0	-514.0	178.0	-993.0	1179.0	-12.0	-1030.0	-733.0	-461.0	-480.0	54.0	1036.0	402.0	158.0	174.0	-708.0	-591.0	312.0	1133.0	974.0	71.0	-1136.0	-448.0	1052.0	-608.0	99.0	290.0	-545.0	250.0	174.0	-146.0	-449.0	550.0	235.0	-546.0	-662.0	-97.0	25.0	-799.0	640.0	186.0	-153.0	17.0	-803.0	-86.0	-322.0	883.0	99.0	-1008.0	-19.0	167.0	888.0	-368.0	431.0	245.0	-726.0	144.0	374.0	268.0	-879.0	-941.0	118.0	-1118.0	-1289.0	-48.0	779.0	-1104.0	-294.0	-676.0	-830.0	-354.0	683.0	382.0	-376.0	-388.0	-77.0	-236.0	-42.0	-584.0	447.0	275.0	-534.0	524.0	812.0	387.0	441.0	886.0	872.0	-1217.0	115.0	-403.0	152.0	488.0	238.0	567.0	-51.0	-771.0	-605.0	209.0	324.0	477.0	307.0	32.0	104.0
657.0	-502.0	-819.0	209.0	-105.0	-41.0	529.0	-509.0	958.0	8844.0	-338.0	112.0	232.0	929.0	-328.0	502.0	581.0	-937.0	547.0	475.0	142.0	300.0	468.0	-549.0	-375.0	-279.0	581.0	-112.0	-82.0	1365.0	250.0	-541.0	10.0	-568.0	425.0	106.0	-586.0	-1188.0	-165.0	-308.0	-1467.0	319.0	-82.0	-91.0	293.0	133.0	-25.0	385.0	1074.0	-286.0	505.0	-51.0	-596.0	394.0	-76.0	-991.0	961.0	-139.0	639.0	-17.0	710.0	159.0	338.0	-772.0	-329.0	114.0	58.0	370.0	-927.0	-144.0	665.0	308.0	-41.0	352.0	565.0	-855.0	121.0	-8.0	527.0	477.0	64.0	-713.0	-553.0	-442.0	842.0	-16.0	-709.0	1.0	382.0	-390.0	451.0	362.0	126.0	-402.0	240.0	-397.0	163.0	341.0	-877.0	-931.0	827.0	566.0	395.0	-68.0	182.0	887.0	532.0	-740.0	224.0	-1134.0	368.0	957.0	1085.0	615.0	-100.0	482.0	-477.0	689.0	-442.0	252.0	1150.0	-1533.0	261.0	201.0	73.0	-196.0	-216.0	-465.0	-251.0	450.0	-281.0	527.0	-439.0	-445.0	-312.0	161.0	-544.0	-308.0	-761.0	189.0	-52.0	-941.0	-66.0	-178.0	-311.0	633.0	1006.0	222.0	-768.0	252.0	-217.0	182.0	-259.0	974.0	406.0	-500.0	44.0	656.0	-537.0	-82.0	223.0	-144.0	467.0	42.0	313.0	1587.0	470.0	-157.0	798.0	658.0	-924.0	17.0	-439.0	28.0	-470.0	389.0	541.0	-84.0	60.0	-362.0	-564.0	291.0	-300.0	1024.0	-1146.0	-25.0	-390.0	-480.0	743.0	741.0	197.0	-277.0	-752.0	-290.0	284.0	-359.0	-566.0	-39.0	-917.0	316.0	-507.0	-46.0	301.0	-489.0	-251.0	-1230.0	337.0	1279.0	-745.0	-115.0	786.0	239.0	-228.0	423.0	-171.0	347.0	-950.0	-0.0	140.0	-230.0	59.0	118.0	-798.0	306.0	145.0	483.0	877.0	-438.0	-709.0	-845.0	-214.0	-196.0	507.0	-657.0	492.0	264.0	525.0	-732.0	225.0	-469.0	1074.0	439.0	314.0	-237.0	-456.0	352.0	-470.0	26.0	425.0	1410.0
-225.0	-476.0	654.0	-155.0	-1277.0	437.0	-602.0	-716.0	210.0	-338.0	8517.0	385.0	-931.0	266.0	441.0	-379.0	-825.0	-487.0	-344.0	325.0	410.0	477.0	-175.0	334.0	954.0	-420.0	907.0	529.0	372.0	66.0	-550.0	-99.0	796.0	239.0	228.0	-172.0	205.0	-60.0	-395.0	307.0	-640.0	302.0	27.0	-748.0	474.0	320.0	-622.0	1075.0	-406.0	116.0	-14.0	-65.0	-223.0	170.0	172.0	849.0	315.0	-307.0	-887.0	10.0	415.0	-198.0	-71.0	-785.0	-143.0	87.0	439.0	940.0	739.0	876.0	661.0	278.0	-98.0	-287.0	-188.0	-112.0	675.0	-1110.0	-593.0	-559.0	-5.0	603.0	-806.0	-175.0	-143.0	126.0	-85.0	474.0	359.0	-97.0	-453.0	95.0	-25.0	-320.0	286.0	4.0	-474.0	-147.0	1372.0	-712.0	336.0	-56.0	-376.0	-1.0	-156.0	-1253.0	141.0	-354.0	-176.0	144.0	-557.0	-563.0	-609.0	-131.0	470.0	-738.0	995.0	-25.0	-761.0	223.0	-126.0	368.0	387.0	-465.0	422.0	938.0	-920.0	-318.0	-865.0	238.0	804.0	-590.0	-1332.0	-542.0	-86.0	-536.0	201.0	-29.0	-900.0	-326.0	316.0	-523.0	-137.0	-222.0	-560.0	661.0	801.0	468.0	546.0	563.0	-944.0	-72.0	-141.0	-689.0	-116.0	-64.0	355.0	410.0	-752.0	-1255.0	-1322.0	-442.0	157.0	191.0	-556.0	666.0	-685.0	855.0	-777.0	753.0	152.0	50.0	581.0	466.0	424.0	-213.0	637.0	635.0	522.0	-24.0	378.0	-732.0	-587.0	287.0	-712.0	650.0	-703.0	749.0	181.0	-219.0	-502.0	-405.0	-672.0	429.0	-505.0	-578.0	93.0	-131.0	580.0	-981.0	-97.0	-741.0	218.0	-409.0	1019.0	-188.0	-521.0	706.0	-592.0	-584.0	324.0	529.0	156.0	-333.0	-39.0	-20.0	-292.0	-671.0	269.0	-484.0	-419.0	687.0	-950.0	626.0	-531.0	314.0	-687.0	391.0	865.0	61.0	1251.0	-640.0	-865.0	560.0	129.0	-9.0	-649.0	-436.0	882.0	-258.0	716.0	-452.0	-1327.0	104.0	-972.0	1524.0	-623.0	-307.0	196.0	669.0
-789.0	378.0	123.0	306.0	-440.0	-692.0	1331.0	-556.0	-493.0	112.0	385.0	8741.0	-136.0	-1031.0	1328.0	504.0	873.0	484.0	-382.0	-1362.0	185.0	156.0	-670.0	-213.0	-978.0	795.0	-224.0	-266.0	-194.0	-132.0	367.0	268.0	16.0	184.0	407.0	333.0	669.0	-337.0	-694.0	679.0	-1486.0	-498.0	-361.0	-796.0	625.0	-173.0	-600.0	-180.0	-893.0	-515.0	-33.0	357.0	-411.0	-322.0	-519.0	192.0	248.0	120.0	-112.0	-629.0	686.0	388.0	721.0	105.0	-353.0	527.0	-827.0	-289.0	-320.0	1003.0	156.0	220.0	-871.0	26.0	-72.0	1129.0	785.0	345.0	-87.0	394.0	150.0	-301.0	-191.0	-113.0	-263.0	-487.0	300.0	953.0	264.0	155.0	777.0	267.0	-706.0	-64.0	128.0	-15.0	142.0	-403.0	886.0	560.0	-712.0	588.0	-867.0	-57.0	710.0	-48.0	60.0	-526.0	198.0	695.0	98.0	312.0	448.0	280.0	880.0	-119.0	-80.0	-47.0	-414.0	271.0	162.0	949.0	-482.0	-524.0	533.0	492.0	351.0	-110.0	-712.0	-746.0	-461.0	662.0	-197.0	-537.0	-798.0	-119.0	-210.0	-458.0	-60.0	513.0	-529.0	234.0	531.0	247.0	-765.0	142.0	-135.0	688.0	402.0	-110.0	-296.0	198.0	654.0	830.0	190.0	-572.0	398.0	-753.0	713.0	-414.0	-381.0	-373.0	-858.0	123.0	919.0	428.0	-74.0	139.0	-288.0	-532.0	-624.0	229.0	455.0	-347.0	271.0	-144.0	426.0	-1029.0	130.0	925.0	419.0	-823.0	71.0	-241.0	65.0	1387.0	-493.0	92.0	632.0	-414.0	-310.0	-197.0	364.0	110.0	-847.0	474.0	-44.0	324.0	607.0	-367.0	-327.0	-111.0	-497.0	348.0	866.0	-255.0	-928.0	507.0	225.0	-160.0	-664.0	556.0	577.0	-309.0	-309.0	440.0	-1611.0	1062.0	-436.0	-380.0	542.0	-246.0	81.0	276.0	-629.0	280.0	429.0	-39.0	586.0	158.0	-89.0	474.0	-202.0	224.0	-646.0	190.0	-445.0	-447.0	907.0	896.0	-927.0	408.0	-650.0	480.0	697.0	243.0	-386.0	-120.0	878.0	-969.0
-363.0	752.0	-98.0	115.0	760.0	926.0	-35.0	111.0	322.0	232.0	-931.0	-136.0	8878.0	346.0	-769.0	-13.0	646.0	-638.0	718.0	-871.0	199.0	104.0	7.0	-405.0	588.0	582.0	-211.0	750.0	794.0	473.0	-161.0	114.0	666.0	49.0	-523.0	-306.0	-601.0	370.0	65.0	-102.0	131.0	277.0	61.0	205.0	-549.0	-562.0	-122.0	-562.0	202.0	391.0	111.0	387.0	-495.0	618.0	-395.0	-239.0	305.0	-142.0	-752.0	430.0	354.0	-118.0	-83.0	275.0	-646.0	826.0	372.0	52.0	-134.0	-477.0	517.0	414.0	-340.0	899.0	-110.0	-442.0	-474.0	67.0	-27.0	232.0	666.0	63.0	-249.0	-374.0	378.0	616.0	-690.0	-76.0	-673.0	-178.0	329.0	-890.0	1088.0	-117.0	83.0	374.0	-1046.0	-110.0	-979.0	248.0	-586.0	221.0	492.0	-903.0	-212.0	-357.0	448.0	36.0	-226.0	223.0	175.0	260.0	44.0	955.0	-1436.0	-537.0	-798.0	-110.0	-648.0	280.0	-504.0	-52.0	-741.0	610.0	304.0	170.0	867.0	32.0	-43.0	-784.0	-97.0	646.0	693.0	34.0	225.0	312.0	-428.0	1316.0	-355.0	100.0	-998.0	990.0	-494.0	-288.0	1225.0	438.0	81.0	178.0	306.0	-505.0	197.0	-11.0	1163.0	523.0	-98.0	-356.0	-241.0	61.0	-507.0	227.0	7.0	-349.0	-838.0	-795.0	149.0	29.0	925.0	-22.0	-113.0	294.0	866.0	64.0	688.0	537.0	-47.0	804.0	1524.0	-797.0	-53.0	-288.0	661.0	441.0	611.0	-375.0	-453.0	-574.0	-722.0	-468.0	522.0	-592.0	-9.0	-411.0	-500.0	-231.0	51.0	245.0	493.0	121.0	32.0	-1104.0	-564.0	473.0	578.0	-447.0	-562.0	-592.0	-1139.0	-414.0	-912.0	154.0	354.0	353.0	-527.0	514.0	268.0	-289.0	362.0	1012.0	-210.0	718.0	-178.0	-1686.0	499.0	-125.0	-615.0	328.0	1026.0	645.0	-332.0	-358.0	-257.0	67.0	605.0	432.0	-866.0	232.0	145.0	-1058.0	237.0	-488.0	63.0	-5.0	-565.0	556.0	-490.0	-628.0	-205.0	621.0	-857.0	33.0
-847.0	-879.0	-199.0	-209.0	-123.0	-140.0	127.0	-246.0	684.0	929.0	266.0	-1031.0	346.0	7759.0	-201.0	260.0	400.0	2.0	402.0	-342.0	-48.0	-1.0	176.0	1050.0	398.0	-308.0	-9.0	-106.0	-136.0	187.0	170.0	-198.0	1205.0	95.0	55.0	94.0	429.0	-496.0	194.0	-935.0	-519.0	-105.0	-451.0	1139.0	87.0	-580.0	117.0	-109.0	-723.0	-625.0	-153.0	514.0	441.0	-699.0	124.0	175.0	393.0	952.0	126.0	-926.0	-140.0	343.0	-1225.0	-835.0	98.0	281.0	-280.0	87.0	292.0	-618.0	-322.0	-1061.0	243.0	379.0	183.0	262.0	-506.0	221.0	652.0	-347.0	504.0	-33.0	-509.0	-397.0	303.0	1282.0	-435.0	-38.0	205.0	720.0	-279.0	323.0	393.0	583.0	593.0	-819.0	-347.0	-44.0	-256.0	-631.0	249.0	431.0	433.0	232.0	956.0	741.0	307.0	-466.0	17.0	296.0	-216.0	554.0	-62.0	-362.0	595.0	15.0	-502.0	51.0	204.0	-5.0	383.0	-517.0	-304.0	-274.0	1241.0	518.0	-94.0	657.0	-94.0	917.0	130.0	650.0	-1257.0	-894.0	202.0	-174.0	14.0	-406.0	462.0	-689.0	1012.0	649.0	282.0	597.0	-361.0	339.0	-514.0	-1203.0	-287.0	762.0	-382.0	-442.0	959.0	184.0	659.0	-227.0	455.0	1537.0	-372.0	256.0	-233.0	-234.0	-124.0	841.0	3.0	347.0	69.0	47.0	66.0	1.0	635.0	-257.0	613.0	171.0	468.0	-141.0	62.0	287.0	-552.0	-314.0	-246.0	-286.0	1168.0	-262.0	-159.0	94.0	-330.0	497.0	-367.0	234.0	4.0	96.0	-411.0	911.0	1056.0	-496.0	-123.0	335.0	-531.0	-397.0	739.0	-414.0	13.0	414.0	-776.0	291.0	243.0	79.0	-877.0	-115.0	-135.0	547.0	-523.0	774.0	168.0	858.0	1353.0	-1339.0	-319.0	-211.0	91.0	248.0	-408.0	268.0	11.0	502.0	-13.0	127.0	-591.0	-582.0	70.0	-273.0	777.0	-319.0	245.0	1319.0	367.0	156.0	510.0	-247.0	1036.0	-141.0	74.0	648.0	256.0	257.0	-165.0	314.0	-180.0	7.0
468.0	-33.0	-321.0	-106.0	-110.0	170.0	-75.0	291.0	-9.0	-328.0	441.0	1328.0	-769.0	-201.0	8026.0	-264.0	178.0	-485.0	-302.0	141.0	282.0	346.0	-1431.0	-44.0	224.0	-103.0	518.0	277.0	917.0	-613.0	-226.0	-429.0	-52.0	-185.0	-841.0	398.0	-259.0	306.0	-248.0	-94.0	-76.0	194.0	-187.0	-32.0	637.0	-142.0	57.0	-100.0	-574.0	-220.0	-530.0	-745.0	-809.0	-771.0	-1232.0	830.0	52.0	35.0	-849.0	-142.0	-41.0	442.0	334.0	316.0	60.0	68.0	-277.0	896.0	196.0	1010.0	122.0	11.0	-810.0	643.0	-135.0	273.0	-566.0	53.0	644.0	-703.0	157.0	-97.0	876.0	-852.0	620.0	730.0	-790.0	-122.0	1330.0	4.0	-641.0	725.0	-92.0	209.0	41.0	-774.0	1483.0	-35.0	-33.0	438.0	77.0	-34.0	-564.0	-427.0	-141.0	686.0	513.0	-369.0	244.0	379.0	-826.0	1100.0	-251.0	-387.0	-163.0	-383.0	-215.0	604.0	219.0	556.0	682.0	130.0	-75.0	-73.0	-694.0	15.0	-917.0	220.0	31.0	-209.0	542.0	-276.0	-507.0	653.0	-202.0	-1224.0	470.0	-267.0	678.0	-477.0	-258.0	823.0	-828.0	515.0	261.0	85.0	179.0	747.0	234.0	503.0	-328.0	-308.0	94.0	199.0	272.0	107.0	79.0	-141.0	-118.0	114.0	-884.0	-130.0	-70.0	512.0	550.0	933.0	143.0	-902.0	1142.0	-896.0	-583.0	849.0	1271.0	109.0	672.0	-897.0	417.0	578.0	111.0	-157.0	381.0	-996.0	-534.0	-97.0	-903.0	291.0	-446.0	-400.0	-817.0	-415.0	939.0	714.0	93.0	-611.0	139.0	212.0	520.0	549.0	194.0	892.0	-425.0	-308.0	151.0	-692.0	774.0	-544.0	-37.0	-979.0	578.0	1114.0	-399.0	34.0	581.0	-532.0	320.0	699.0	-817.0	572.0	173.0	-325.0	-411.0	91.0	-310.0	-442.0	231.0	-139.0	104.0	-437.0	-73.0	-1241.0	-603.0	75.0	-121.0	-75.0	-450.0	418.0	145.0	771.0	-110.0	-292.0	-497.0	196.0	307.0	-933.0	-150.0	-197.0	712.0	402.0	590.0	-181.0
-38.0	-1037.0	-136.0	-209.0	-920.0	-191.0	-414.0	-272.0	164.0	502.0	-379.0	504.0	-13.0	260.0	-264.0	8837.0	344.0	553.0	181.0	298.0	33.0	362.0	-712.0	49.0	-375.0	-644.0	412.0	-401.0	-636.0	299.0	-362.0	576.0	-355.0	30.0	-265.0	403.0	-619.0	-996.0	359.0	-561.0	429.0	536.0	37.0	-736.0	395.0	-807.0	-300.0	402.0	-361.0	-459.0	338.0	-294.0	695.0	46.0	-384.0	-535.0	341.0	-457.0	-1255.0	-923.0	140.0	-593.0	-70.0	-252.0	255.0	130.0	501.0	452.0	-596.0	232.0	427.0	35.0	-1060.0	-776.0	527.0	-219.0	85.0	19.0	722.0	-144.0	298.0	-936.0	-1005.0	544.0	-623.0	1003.0	362.0	-157.0	-852.0	152.0	72.0	1165.0	-281.0	-406.0	-357.0	-9.0	-819.0	1319.0	-267.0	-508.0	-663.0	620.0	126.0	-1318.0	405.0	-197.0	288.0	46.0	27.0	242.0	621.0	201.0	21.0	-202.0	-304.0	453.0	94.0	-222.0	295.0	-192.0	96.0	-913.0	-20.0	136.0	183.0	-1110.0	-290.0	-411.0	-408.0	421.0	-96.0	213.0	352.0	116.0	-408.0	131.0	-837.0	358.0	384.0	-77.0	100.0	1681.0	243.0	-675.0	-269.0	-378.0	724.0	-364.0	-334.0	-88.0	244.0	535.0	111.0	486.0	-357.0	93.0	48.0	405.0	191.0	-92.0	80.0	1027.0	-286.0	-999.0	654.0	240.0	136.0	9.0	-208.0	333.0	395.0	-172.0	456.0	800.0	1013.0	-779.0	712.0	73.0	-814.0	-884.0	-523.0	-444.0	946.0	216.0	332.0	158.0	-542.0	111.0	-462.0	693.0	-180.0	-511.0	-96.0	784.0	-817.0	255.0	-903.0	-101.0	-388.0	244.0	424.0	301.0	650.0	87.0	-974.0	-727.0	698.0	979.0	358.0	-1012.0	1069.0	575.0	190.0	-210.0	-815.0	323.0	-196.0	-21.0	381.0	-183.0	-482.0	-503.0	-675.0	957.0	224.0	0.0	-13.0	724.0	284.0	1133.0	-259.0	240.0	653.0	-724.0	20.0	545.0	-441.0	-1353.0	-574.0	-309.0	-690.0	-165.0	99.0	-340.0	-434.0	271.0	64.0	456.0	387.0	-331.0
209.0	179.0	-1001.0	711.0	553.0	-603.0	832.0	700.0	-731.0	581.0	-825.0	873.0	646.0	400.0	178.0	344.0	8889.0	-165.0	-145.0	-538.0	634.0	359.0	-626.0	586.0	-196.0	396.0	64.0	108.0	471.0	-284.0	52.0	106.0	-362.0	-560.0	-754.0	60.0	607.0	-365.0	-18.0	91.0	79.0	-787.0	-1314.0	-775.0	-186.0	783.0	488.0	-52.0	-772.0	543.0	-0.0	772.0	-245.0	158.0	-889.0	-463.0	848.0	156.0	856.0	151.0	804.0	-81.0	773.0	57.0	-377.0	-104.0	-332.0	437.0	-3.0	-1141.0	-40.0	572.0	-374.0	-366.0	106.0	-820.0	-1024.0	853.0	455.0	463.0	63.0	-23.0	-602.0	-393.0	-174.0	389.0	-264.0	-116.0	52.0	542.0	816.0	-200.0	-590.0	-63.0	44.0	578.0	324.0	739.0	666.0	544.0	-377.0	531.0	-662.0	381.0	411.0	-37.0	286.0	-863.0	334.0	-77.0	335.0	13.0	-503.0	442.0	632.0	-754.0	-58.0	753.0	140.0	-12.0	234.0	-298.0	-458.0	810.0	190.0	-14.0	1283.0	-817.0	-482.0	410.0	170.0	-934.0	68.0	233.0	-380.0	885.0	-2.0	205.0	-716.0	427.0	-190.0	-687.0	396.0	-36.0	-50.0	-38.0	-393.0	102.0	-95.0	728.0	511.0	394.0	-489.0	344.0	487.0	-146.0	-475.0	521.0	-914.0	861.0	517.0	-997.0	311.0	1048.0	25.0	244.0	434.0	-18.0	74.0	-582.0	507.0	-248.0	-162.0	80.0	-355.0	-173.0	-180.0	-345.0	397.0	-734.0	290.0	577.0	199.0	-162.0	1052.0	2022.0	-253.0	-99.0	203.0	518.0	-503.0	-74.0	-467.0	-410.0	145.0	351.0	493.0	-1.0	-274.0	358.0	-528.0	212.0	-733.0	-59.0	-472.0	393.0	282.0	35.0	-373.0	-284.0	-698.0	774.0	17.0	1193.0	-58.0	-177.0	-497.0	334.0	77.0	570.0	-1213.0	290.0	-89.0	-144.0	301.0	-225.0	785.0	34.0	62.0	807.0	-1005.0	381.0	-953.0	-51.0	186.0	694.0	-538.0	452.0	-486.0	999.0	-211.0	-234.0	824.0	862.0	609.0	259.0	-84.0	-823.0	-779.0	252.0
-1.0	-436.0	403.0	126.0	546.0	96.0	-58.0	-495.0	-0.0	-937.0	-487.0	484.0	-638.0	2.0	-485.0	553.0	-165.0	8551.0	-221.0	238.0	192.0	-37.0	423.0	161.0	672.0	214.0	-921.0	107.0	-500.0	-1041.0	-294.0	-525.0	-226.0	-613.0	-553.0	12.0	-498.0	-1440.0	1236.0	-292.0	409.0	-399.0	-1179.0	-777.0	-449.0	-312.0	-781.0	-132.0	-10.0	600.0	-381.0	-1014.0	104.0	-165.0	-886.0	-593.0	151.0	65.0	-386.0	502.0	-938.0	17.0	-507.0	-492.0	-172.0	253.0	-562.0	-861.0	-38.0	324.0	381.0	-316.0	-518.0	-13.0	-32.0	-140.0	-34.0	446.0	-657.0	-948.0	-568.0	-766.0	-324.0	720.0	-284.0	-119.0	-143.0	424.0	195.0	-442.0	164.0	939.0	-706.0	-415.0	-792.0	296.0	-108.0	-25.0	474.0	830.0	519.0	560.0	596.0	456.0	-209.0	168.0	73.0	-397.0	-264.0	881.0	278.0	-53.0	650.0	-566.0	-148.0	-8.0	435.0	441.0	-19.0	-761.0	-46.0	-180.0	-703.0	373.0	-173.0	-378.0	692.0	112.0	879.0	-702.0	147.0	582.0	849.0	327.0	-499.0	-38.0	302.0	372.0	-410.0	789.0	594.0	288.0	-523.0	-605.0	254.0	-542.0	168.0	-269.0	620.0	-278.0	949.0	650.0	533.0	-111.0	-394.0	-726.0	-920.0	-322.0	1361.0	-250.0	-563.0	-265.0	447.0	-138.0	-451.0	-724.0	-9.0	351.0	-970.0	-159.0	-746.0	-991.0	1324.0	125.0	391.0	937.0	-533.0	-323.0	-1360.0	187.0	-1430.0	-329.0	1172.0	-79.0	331.0	435.0	-331.0	1209.0	-404.0	213.0	478.0	327.0	666.0	-446.0	-378.0	-55.0	610.0	149.0	127.0	606.0	500.0	525.0	-249.0	20.0	-609.0	233.0	9.0	176.0	104.0	-523.0	541.0	-584.0	-173.0	-444.0	464.0	-60.0	620.0	264.0	-522.0	1013.0	131.0	-179.0	-231.0	218.0	1009.0	13.0	69.0	-631.0	59.0	-51.0	-762.0	92.0	580.0	-575.0	536.0	-360.0	-181.0	-53.0	-613.0	845.0	-983.0	1025.0	203.0	-313.0	-69.0	283.0	-88.0	35.0	43.0	8.0
269.0	-590.0	974.0	-112.0	-503.0	-71.0	-336.0	-494.0	789.0	547.0	-344.0	-382.0	718.0	402.0	-302.0	181.0	-145.0	-221.0	8358.0	-679.0	-488.0	-485.0	87.0	853.0	-882.0	965.0	89.0	81.0	379.0	-355.0	-158.0	34.0	375.0	386.0	-654.0	-138.0	97.0	622.0	-1175.0	-379.0	876.0	-393.0	78.0	-805.0	668.0	737.0	-215.0	-229.0	220.0	-250.0	-115.0	1530.0	53.0	-15.0	235.0	-320.0	662.0	294.0	-592.0	384.0	-259.0	373.0	-48.0	780.0	-619.0	-861.0	-309.0	-338.0	-99.0	-1064.0	344.0	-21.0	574.0	-452.0	-266.0	383.0	-402.0	-117.0	579.0	-592.0	89.0	-439.0	-474.0	351.0	-289.0	277.0	-141.0	606.0	161.0	709.0	447.0	-420.0	-46.0	-665.0	999.0	-776.0	445.0	-115.0	-818.0	-395.0	-66.0	-78.0	1163.0	-713.0	-462.0	-107.0	442.0	1036.0	-87.0	989.0	340.0	-488.0	315.0	-368.0	-60.0	-323.0	624.0	-3.0	97.0	1112.0	60.0	-61.0	-63.0	-119.0	-1174.0	-152.0	-32.0	-302.0	90.0	-171.0	-29.0	330.0	555.0	-249.0	729.0	136.0	508.0	601.0	144.0	-45.0	1402.0	-404.0	-67.0	-358.0	-244.0	239.0	268.0	673.0	477.0	-476.0	606.0	482.0	281.0	449.0	165.0	291.0	-1117.0	327.0	-1620.0	-703.0	-993.0	-22.0	11.0	-292.0	-553.0	296.0	272.0	-547.0	-498.0	-427.0	-321.0	-948.0	176.0	425.0	-46.0	-209.0	-24.0	8.0	101.0	-993.0	384.0	-162.0	-249.0	-609.0	-779.0	-429.0	-1383.0	452.0	-187.0	735.0	-269.0	-473.0	387.0	-356.0	-12.0	253.0	-1135.0	673.0	-548.0	20.0	-138.0	-904.0	-261.0	-76.0	-53.0	-553.0	-256.0	-214.0	-78.0	-6.0	116.0	47.0	380.0	-591.0	-327.0	135.0	-791.0	-416.0	255.0	-57.0	-324.0	635.0	177.0	-304.0	409.0	1178.0	-420.0	1053.0	-197.0	668.0	661.0	344.0	-355.0	185.0	-138.0	-291.0	533.0	263.0	1066.0	852.0	1437.0	-1236.0	-50.0	78.0	-22.0	-768.0	509.0	-298.0	-40.0	-239.0
858.0	-163.0	-420.0	-1092.0	260.0	72.0	190.0	134.0	129.0	475.0	325.0	-1362.0	-871.0	-342.0	141.0	298.0	-538.0	238.0	-679.0	8186.0	-542.0	-373.0	463.0	-674.0	-667.0	304.0	-1533.0	-382.0	-282.0	-539.0	-951.0	-101.0	570.0	455.0	227.0	-679.0	-653.0	611.0	-155.0	-170.0	114.0	377.0	-969.0	342.0	-365.0	-903.0	631.0	-54.0	582.0	373.0	302.0	99.0	364.0	73.0	-736.0	-92.0	593.0	-278.0	-131.0	-12.0	811.0	100.0	156.0	760.0	160.0	-544.0	520.0	-295.0	41.0	170.0	-453.0	506.0	-235.0	399.0	620.0	114.0	-342.0	-309.0	-636.0	180.0	267.0	228.0	-1116.0	1290.0	-22.0	-222.0	251.0	-621.0	-31.0	243.0	-685.0	470.0	235.0	-89.0	107.0	180.0	29.0	-63.0	649.0	292.0	-643.0	-426.0	231.0	106.0	48.0	633.0	-366.0	-479.0	-714.0	-611.0	-106.0	-118.0	670.0	-52.0	-500.0	1358.0	-1191.0	-576.0	14.0	663.0	-407.0	256.0	1315.0	-576.0	-351.0	-682.0	-1251.0	-313.0	156.0	160.0	230.0	-708.0	1202.0	73.0	94.0	155.0	-610.0	184.0	109.0	314.0	164.0	-295.0	193.0	244.0	-105.0	-871.0	154.0	364.0	141.0	104.0	-98.0	516.0	10.0	-299.0	1079.0	-89.0	181.0	648.0	56.0	-340.0	347.0	-87.0	1066.0	279.0	52.0	-681.0	-136.0	-430.0	-313.0	1020.0	462.0	-254.0	533.0	-588.0	111.0	906.0	-82.0	-33.0	-299.0	30.0	-750.0	-281.0	616.0	51.0	63.0	-1026.0	2.0	-195.0	-220.0	697.0	443.0	218.0	-796.0	617.0	-594.0	-219.0	-179.0	-514.0	912.0	127.0	-542.0	39.0	920.0	3.0	129.0	-285.0	-288.0	294.0	175.0	686.0	1424.0	-10.0	-141.0	-524.0	777.0	-500.0	681.0	-177.0	-79.0	72.0	150.0	331.0	-217.0	290.0	-499.0	-509.0	-556.0	-829.0	-510.0	700.0	-786.0	-203.0	-405.0	63.0	235.0	-678.0	165.0	-198.0	-265.0	-485.0	-43.0	-17.0	-622.0	-805.0	290.0	-575.0	-342.0	-284.0	118.0	104.0
-61.0	-3.0	191.0	50.0	548.0	154.0	440.0	-451.0	-177.0	142.0	410.0	185.0	199.0	-48.0	282.0	33.0	634.0	192.0	-488.0	-542.0	7381.0	276.0	-15.0	55.0	207.0	-82.0	27.0	791.0	400.0	-1054.0	-321.0	788.0	242.0	-281.0	-260.0	507.0	-113.0	204.0	215.0	-21.0	198.0	585.0	455.0	10.0	-289.0	-137.0	-641.0	1516.0	359.0	-769.0	517.0	-225.0	435.0	391.0	-810.0	-502.0	-645.0	-72.0	40.0	-697.0	562.0	840.0	-510.0	-652.0	1170.0	-110.0	227.0	644.0	260.0	-325.0	286.0	-878.0	137.0	-340.0	41.0	740.0	1066.0	-47.0	-334.0	-194.0	-147.0	-972.0	36.0	-282.0	15.0	560.0	111.0	565.0	298.0	-40.0	-514.0	-387.0	-55.0	-451.0	-642.0	-233.0	-645.0	-97.0	106.0	-429.0	-687.0	-287.0	-462.0	404.0	-331.0	44.0	-1345.0	-978.0	554.0	-133.0	517.0	-127.0	-530.0	-522.0	343.0	86.0	-113.0	11.0	-369.0	316.0	252.0	-377.0	296.0	768.0	-239.0	-673.0	221.0	1028.0	344.0	-714.0	54.0	400.0	-496.0	108.0	-6.0	-85.0	39.0	419.0	237.0	-17.0	-55.0	200.0	696.0	69.0	96.0	225.0	-505.0	-834.0	796.0	110.0	-665.0	-329.0	-694.0	-117.0	686.0	363.0	434.0	637.0	-837.0	-287.0	474.0	49.0	2.0	-446.0	-73.0	502.0	-423.0	721.0	-1647.0	-305.0	232.0	605.0	449.0	622.0	378.0	386.0	-431.0	-540.0	297.0	-748.0	177.0	986.0	676.0	280.0	402.0	224.0	398.0	482.0	411.0	-229.0	-567.0	551.0	-285.0	-738.0	-737.0	-544.0	-240.0	100.0	-83.0	495.0	758.0	218.0	486.0	-430.0	-165.0	968.0	845.0	-530.0	284.0	338.0	-6.0	590.0	709.0	-220.0	581.0	-24.0	-123.0	-83.0	459.0	233.0	72.0	-14.0	535.0	314.0	747.0	-36.0	330.0	-238.0	411.0	-1302.0	-154.0	-171.0	-714.0	545.0	-725.0	5.0	34.0	-664.0	-255.0	79.0	17.0	514.0	-884.0	132.0	680.0	-354.0	182.0	-774.0	21.0	488.0
372.0	-1401.0	-451.0	734.0	365.0	503.0	-1120.0	310.0	284.0	300.0	477.0	156.0	104.0	-1.0	346.0	362.0	359.0	-37.0	-485.0	-373.0	276.0	8574.0	-606.0	-2.0	-187.0	593.0	74.0	1048.0	539.0	-620.0	531.0	378.0	-146.0	120.0	-95.0	192.0	688.0	258.0	152.0	-413.0	202.0	60.0	-2.0	-393.0	-282.0	24.0	-261.0	-422.0	117.0	-636.0	283.0	613.0	-191.0	-14.0	-851.0	-246.0	378.0	-882.0	-219.0	-417.0	1194.0	-72.0	922.0	-222.0	252.0	11.0	36.0	629.0	-401.0	524.0	-557.0	592.0	578.0	-46.0	-412.0	88.0	309.0	-656.0	-525.0	146.0	-402.0	308.0	343.0	387.0	-348.0	174.0	671.0	-1106.0	797.0	-426.0	-59.0	-709.0	227.0	-849.0	-848.0	-641.0	169.0	170.0	-1181.0	-739.0	224.0	128.0	-70.0	602.0	774.0	481.0	-231.0	722.0	-195.0	-474.0	1391.0	1018.0	-815.0	-261.0	89.0	-313.0	-465.0	-228.0	324.0	-302.0	-1825.0	197.0	-541.0	-622.0	-171.0	428.0	-125.0	172.0	-555.0	-31.0	-112.0	309.0	-586.0	-569.0	-29.0	14.0	-510.0	-703.0	98.0	453.0	58.0	-314.0	541.0	-173.0	249.0	109.0	138.0	532.0	105.0	1044.0	-410.0	-285.0	-785.0	-771.0	-1211.0	9.0	-360.0	-325.0	-509.0	-347.0	-155.0	299.0	-1215.0	-121.0	19.0	-278.0	-70.0	651.0	471.0	782.0	-84.0	534.0	398.0	264.0	510.0	246.0	-875.0	-156.0	-835.0	448.0	-238.0	-520.0	230.0	-122.0	-188.0	251.0	-679.0	220.0	478.0	-154.0	-747.0	-13.0	513.0	-375.0	-447.0	-49.0	527.0	-160.0	-488.0	1088.0	551.0	404.0	560.0	489.0	176.0	436.0	465.0	-221.0	89.0	-340.0	-85.0	-953.0	-245.0	-247.0	-271.0	907.0	-1054.0	1190.0	-1064.0	-368.0	-1032.0	260.0	-643.0	-732.0	503.0	-717.0	1147.0	-456.0	-19.0	-138.0	668.0	15.0	-292.0	506.0	925.0	271.0	-23.0	-591.0	-549.0	-87.0	282.0	-329.0	401.0	-272.0	-529.0	-26.0	-709.0	-1081.0	666.0	292.0
18.0	785.0	-558.0	-47.0	671.0	9.0	328.0	-424.0	173.0	468.0	-175.0	-670.0	7.0	176.0	-1431.0	-712.0	-626.0	423.0	87.0	463.0	-15.0	-606.0	8002.0	-250.0	-585.0	-242.0	297.0	684.0	-1029.0	-433.0	-29.0	-215.0	528.0	-68.0	218.0	230.0	306.0	-224.0	-173.0	-162.0	385.0	507.0	-59.0	-198.0	672.0	441.0	-55.0	-410.0	-77.0	130.0	-771.0	-555.0	-219.0	203.0	-77.0	-691.0	9.0	565.0	-76.0	-547.0	-491.0	228.0	-954.0	34.0	150.0	253.0	-150.0	-631.0	555.0	8.0	221.0	-832.0	-410.0	1074.0	1399.0	-627.0	333.0	41.0	-87.0	471.0	-947.0	-238.0	27.0	-80.0	-373.0	-716.0	-130.0	101.0	233.0	122.0	194.0	197.0	1313.0	54.0	-25.0	628.0	-649.0	-174.0	-687.0	219.0	-36.0	160.0	-134.0	341.0	-209.0	147.0	-388.0	-143.0	139.0	-432.0	60.0	-80.0	-326.0	25.0	677.0	-369.0	-560.0	-472.0	-180.0	431.0	-386.0	1049.0	1115.0	-805.0	210.0	130.0	-209.0	-379.0	1085.0	-1198.0	-418.0	435.0	419.0	112.0	70.0	-185.0	394.0	-831.0	-741.0	281.0	364.0	107.0	-169.0	503.0	-468.0	756.0	-756.0	198.0	-690.0	-14.0	-535.0	-69.0	45.0	-858.0	123.0	-715.0	-1033.0	113.0	14.0	-282.0	754.0	-154.0	-126.0	287.0	-421.0	-157.0	-213.0	-280.0	311.0	54.0	490.0	-259.0	-587.0	-683.0	-490.0	514.0	-128.0	716.0	333.0	-369.0	-283.0	-137.0	543.0	1.0	482.0	695.0	266.0	602.0	-111.0	96.0	-803.0	551.0	144.0	-443.0	750.0	-200.0	101.0	879.0	-575.0	661.0	222.0	4.0	-74.0	576.0	629.0	877.0	-447.0	681.0	181.0	-451.0	-92.0	-3.0	-416.0	88.0	-315.0	-624.0	-458.0	407.0	-324.0	1111.0	959.0	725.0	-675.0	-10.0	787.0	-629.0	-382.0	-24.0	-1006.0	-278.0	-23.0	-304.0	-462.0	-178.0	970.0	-1706.0	155.0	148.0	-126.0	406.0	402.0	-115.0	-811.0	-766.0	24.0	-148.0	-538.0	-38.0	-649.0	-11.0
-482.0	-1133.0	756.0	507.0	218.0	255.0	83.0	-375.0	792.0	-549.0	334.0	-213.0	-405.0	1050.0	-44.0	49.0	586.0	161.0	853.0	-674.0	55.0	-2.0	-250.0	7919.0	-88.0	-601.0	1300.0	160.0	543.0	-996.0	-575.0	-104.0	607.0	-472.0	241.0	-13.0	847.0	-202.0	309.0	-255.0	25.0	-99.0	148.0	884.0	292.0	292.0	-662.0	28.0	141.0	25.0	186.0	947.0	353.0	-104.0	-364.0	280.0	-651.0	-449.0	-462.0	-5.0	-239.0	233.0	-645.0	188.0	-222.0	-678.0	540.0	200.0	681.0	78.0	108.0	-1123.0	81.0	-1178.0	-872.0	464.0	-1657.0	-808.0	20.0	-154.0	324.0	-231.0	188.0	-726.0	11.0	-613.0	-69.0	207.0	-6.0	1125.0	-219.0	-528.0	-157.0	-426.0	208.0	665.0	261.0	-95.0	735.0	320.0	383.0	242.0	168.0	465.0	-477.0	-339.0	-19.0	-24.0	505.0	-635.0	-547.0	-227.0	166.0	-553.0	1413.0	-74.0	565.0	-336.0	672.0	838.0	-294.0	-1272.0	-275.0	-848.0	92.0	39.0	-57.0	-170.0	169.0	38.0	-54.0	-999.0	-781.0	424.0	-172.0	114.0	-294.0	-367.0	107.0	338.0	1234.0	-97.0	-289.0	-586.0	-805.0	646.0	-147.0	57.0	-511.0	-591.0	301.0	-231.0	-734.0	-426.0	976.0	291.0	-116.0	-141.0	-1475.0	225.0	-9.0	174.0	-34.0	-65.0	-6.0	-202.0	-461.0	-854.0	-465.0	-262.0	-360.0	52.0	-564.0	-216.0	-94.0	205.0	-732.0	531.0	469.0	326.0	90.0	-161.0	381.0	-242.0	-275.0	326.0	298.0	412.0	101.0	-316.0	-1143.0	-266.0	737.0	37.0	-289.0	-753.0	61.0	-20.0	-668.0	-33.0	42.0	286.0	-74.0	589.0	-235.0	-169.0	911.0	-1210.0	-99.0	-198.0	-747.0	952.0	571.0	727.0	-116.0	-282.0	-345.0	-1228.0	-968.0	219.0	75.0	-468.0	480.0	-933.0	-731.0	-411.0	251.0	-179.0	225.0	329.0	237.0	315.0	194.0	445.0	-97.0	-298.0	348.0	549.0	115.0	-42.0	261.0	-543.0	-195.0	878.0	503.0	-718.0	-195.0	-304.0	-221.0	720.0
173.0	-264.0	1064.0	-20.0	-136.0	269.0	851.0	102.0	209.0	-375.0	954.0	-978.0	588.0	398.0	224.0	-375.0	-196.0	672.0	-882.0	-667.0	207.0	-187.0	-585.0	-88.0	8229.0	-268.0	-698.0	-456.0	259.0	-288.0	56.0	452.0	53.0	313.0	-775.0	-430.0	-766.0	-76.0	307.0	-504.0	-435.0	344.0	482.0	270.0	-482.0	-61.0	-729.0	73.0	-1040.0	-372.0	48.0	203.0	-283.0	-1324.0	-59.0	942.0	-640.0	-217.0	-461.0	81.0	-333.0	-1001.0	174.0	-39.0	405.0	519.0	-508.0	-730.0	1.0	203.0	-638.0	-276.0	92.0	-153.0	78.0	185.0	249.0	140.0	244.0	-301.0	-331.0	145.0	96.0	-407.0	-305.0	451.0	64.0	-269.0	-93.0	-313.0	40.0	-428.0	171.0	-165.0	499.0	-170.0	679.0	369.0	616.0	-69.0	655.0	456.0	-352.0	448.0	-650.0	-157.0	348.0	457.0	927.0	505.0	-193.0	2.0	172.0	-954.0	-742.0	-1254.0	179.0	189.0	-637.0	-1306.0	-493.0	-408.0	219.0	1590.0	197.0	802.0	370.0	-224.0	309.0	428.0	-160.0	21.0	39.0	1059.0	-537.0	-40.0	1041.0	-305.0	-1222.0	152.0	-835.0	-188.0	291.0	-91.0	256.0	180.0	203.0	-317.0	196.0	-660.0	-213.0	786.0	546.0	-372.0	-853.0	426.0	559.0	-309.0	198.0	-14.0	-45.0	-317.0	-62.0	114.0	-762.0	457.0	-194.0	293.0	-724.0	153.0	1034.0	200.0	745.0	-392.0	301.0	956.0	-147.0	-555.0	522.0	94.0	1060.0	615.0	-681.0	424.0	-38.0	-370.0	-513.0	611.0	-115.0	-148.0	-42.0	-612.0	234.0	-224.0	398.0	-21.0	-148.0	-361.0	858.0	-843.0	258.0	328.0	-513.0	297.0	-334.0	-285.0	252.0	187.0	266.0	416.0	-314.0	322.0	758.0	-567.0	-213.0	-69.0	112.0	-1176.0	-456.0	-330.0	-47.0	1279.0	185.0	-290.0	-208.0	-295.0	-423.0	157.0	418.0	28.0	628.0	-996.0	392.0	-378.0	-477.0	11.0	-328.0	179.0	-161.0	-796.0	748.0	833.0	361.0	-312.0	-318.0	-209.0	-165.0	394.0	-588.0	622.0
