8068.0	-619.0	164.0	207.0	-571.0	545.0	208.0	-205.0	601.0	1016.0	-498.0	248.0	-255.0	240.0	905.0	851.0	93.0	393.0	177.0	-871.0	656.0	-46.0	570.0	-375.0	-195.0	-31.0	-427.0	238.0	279.0	376.0	-721.0	341.0	1029.0	-1072.0	450.0	-28.0	-218.0	-67.0	117.0	440.0	513.0	226.0	426.0	307.0	-340.0	415.0	187.0	344.0	239.0	-72.0	611.0	-546.0	855.0	636.0	-517.0	531.0	-415.0	-528.0	183.0	-793.0	143.0	-198.0	558.0	-1210.0	-107.0	570.0	586.0	77.0	-610.0	-328.0	1408.0	73.0	207.0	548.0	-68.0	-514.0	-34.0	-312.0	184.0	356.0	-701.0	801.0	351.0	617.0	-239.0	432.0	-1150.0	599.0	555.0	978.0	110.0	-133.0	931.0	875.0	346.0	48.0	927.0	183.0	-687.0	84.0	423.0	161.0	-77.0	606.0	415.0	772.0	-784.0	1020.0	-931.0	73.0	-36.0	-887.0	-54.0	208.0	631.0	315.0	10.0	-660.0	1107.0	633.0	6.0	113.0	369.0	396.0	1135.0	231.0	-292.0	663.0	-837.0	314.0	-584.0	-367.0	-761.0	438.0	219.0	833.0	-339.0	848.0	-791.0	582.0	-213.0	661.0	289.0	285.0	-473.0	-201.0	-715.0	-174.0	-220.0	-257.0	-473.0	-7.0	368.0	-479.0	-744.0	272.0	32.0	322.0	311.0	-299.0	39.0	237.0	-382.0	-603.0	164.0	-556.0	-297.0	-695.0	414.0	-512.0	53.0	-217.0	1015.0	351.0	-452.0	1013.0	-52.0	-125.0	70.0	7.0	790.0	86.0	-18.0	538.0	-338.0	224.0	950.0	470.0	-729.0	97.0	290.0	-712.0	-314.0	-686.0	-792.0	-948.0	-169.0	-685.0	-340.0	76.0	-402.0	-615.0	573.0	-134.0	184.0	567.0	835.0	97.0	-34.0	214.0	235.0	-316.0	-110.0	438.0	424.0	133.0	-234.0	-17.0	460.0	293.0	581.0	90.0	-985.0	325.0	360.0	242.0	-1117.0	-346.0	-229.0	332.0	11.0	317.0	229.0	319.0	-380.0	-426.0	-278.0	-307.0	-113.0	940.0	86.0	457.0	-344.0	-248.0	273.0	-181.0	125.0	598.0	370.0	513.0
-619.0	8419.0	-84.0	-554.0	-99.0	173.0	-305.0	-881.0	-536.0	-1115.0	497.0	311.0	362.0	-217.0	-590.0	462.0	57.0	367.0	416.0	148.0	-34.0	-176.0	-266.0	76.0	21.0	-344.0	-893.0	-595.0	-181.0	-432.0	-345.0	-162.0	-825.0	-41.0	47.0	109.0	510.0	-811.0	295.0	-488.0	-641.0	-670.0	465.0	123.0	334.0	-166.0	-337.0	213.0	-983.0	-107.0	180.0	158.0	456.0	380.0	327.0	65.0	-99.0	-233.0	-275.0	648.0	251.0	3.0	-27.0	-102.0	-853.0	448.0	-37.0	460.0	876.0	1326.0	250.0	-39.0	106.0	-179.0	-137.0	732.0	-787.0	103.0	-383.0	-847.0	323.0	637.0	132.0	74.0	168.0	-400.0	334.0	99.0	-107.0	-337.0	-328.0	-1158.0	-853.0	-93.0	-650.0	346.0	545.0	40.0	669.0	-80.0	392.0	122.0	48.0	547.0	26.0	598.0	-347.0	-279.0	-547.0	-169.0	725.0	-63.0	1159.0	83.0	155.0	795.0	-592.0	-253.0	152.0	-429.0	273.0	75.0	299.0	-808.0	-703.0	-48.0	-201.0	-132.0	843.0	-250.0	723.0	374.0	-938.0	-655.0	-379.0	-681.0	163.0	-165.0	-251.0	-264.0	187.0	590.0	48.0	-154.0	197.0	342.0	256.0	1787.0	235.0	220.0	631.0	1406.0	220.0	479.0	1282.0	-155.0	264.0	710.0	320.0	-248.0	28.0	122.0	92.0	-423.0	50.0	-593.0	-291.0	-65.0	-823.0	-188.0	34.0	425.0	-1000.0	-585.0	-265.0	-622.0	255.0	-470.0	-425.0	-257.0	-736.0	-157.0	49.0	12.0	-205.0	49.0	514.0	217.0	1280.0	728.0	-31.0	-119.0	-103.0	-783.0	-44.0	-34.0	-170.0	-504.0	-1030.0	494.0	-466.0	532.0	709.0	128.0	203.0	-1338.0	984.0	-234.0	-1189.0	1170.0	213.0	-435.0	-310.0	1010.0	-364.0	441.0	220.0	11.0	254.0	720.0	-5.0	157.0	-67.0	348.0	-676.0	-748.0	-536.0	784.0	990.0	-863.0	457.0	750.0	-570.0	-1026.0	108.0	-144.0	-15.0	212.0	166.0	-579.0	998.0	573.0	-222.0	231.0	614.0	-59.0	7.0	91.0	833.0	454.0
164.0	-84.0	7775.0	28.0	248.0	-186.0	-201.0	69.0	22.0	918.0	123.0	-228.0	-922.0	-366.0	-536.0	-848.0	79.0	-226.0	-500.0	869.0	478.0	-108.0	394.0	-387.0	299.0	-27.0	-440.0	7.0	-291.0	-440.0	-721.0	378.0	-149.0	-151.0	-51.0	-317.0	610.0	299.0	-300.0	244.0	223.0	-8.0	177.0	-294.0	-414.0	131.0	-1020.0	-536.0	-333.0	-255.0	-850.0	734.0	-369.0	393.0	-1008.0	-474.0	248.0	-4.0	427.0	65.0	576.0	-52.0	704.0	20.0	502.0	-501.0	148.0	468.0	413.0	125.0	548.0	462.0	-1342.0	-390.0	-689.0	-295.0	623.0	9.0	-237.0	-364.0	-484.0	-443.0	290.0	1008.0	-321.0	73.0	361.0	470.0	-560.0	592.0	-400.0	-403.0	-640.0	-103.0	-518.0	-169.0	275.0	72.0	-413.0	-20.0	531.0	-363.0	-1126.0	54.0	586.0	673.0	-804.0	272.0	-469.0	-15.0	-97.0	76.0	-1095.0	-64.0	-720.0	427.0	-662.0	702.0	788.0	-126.0	-385.0	-493.0	237.0	-982.0	-338.0	-405.0	9.0	-135.0	-179.0	595.0	-602.0	37.0	-130.0	-384.0	-270.0	-46.0	596.0	-507.0	-352.0	-272.0	-1147.0	205.0	259.0	706.0	-130.0	-667.0	-85.0	-286.0	198.0	-140.0	-159.0	-442.0	434.0	-332.0	-162.0	850.0	-505.0	-298.0	392.0	-484.0	-301.0	660.0	-619.0	-649.0	414.0	81.0	1315.0	-156.0	333.0	-492.0	-422.0	-1038.0	256.0	-1193.0	-172.0	687.0	455.0	-432.0	104.0	-901.0	-472.0	-198.0	514.0	-198.0	-487.0	218.0	-29.0	-129.0	978.0	-393.0	-96.0	225.0	-123.0	40.0	-275.0	200.0	-798.0	415.0	566.0	538.0	-803.0	-1088.0	-410.0	-44.0	-717.0	-966.0	26.0	-494.0	538.0	922.0	-118.0	72.0	-484.0	-203.0	-572.0	472.0	201.0	507.0	199.0	538.0	-701.0	47.0	-727.0	-985.0	712.0	38.0	-476.0	-719.0	-650.0	285.0	759.0	-121.0	545.0	953.0	-498.0	-14.0	-672.0	494.0	-269.0	-750.0	541.0	1001.0	508.0	-61.0	604.0	-247.0	88.0	-271.0	-947.0	-315.0
207.0	-554.0	28.0	8262.0	492.0	626.0	579.0	126.0	81.0	1970.0	-181.0	-713.0	816.0	-21.0	-68.0	-231.0	448.0	-732.0	200.0	-306.0	-52.0	-340.0	-386.0	-521.0	102.0	-206.0	-1534.0	320.0	42.0	573.0	-183.0	-1115.0	425.0	52.0	608.0	-335.0	221.0	649.0	-76.0	556.0	156.0	-342.0	138.0	-3.0	111.0	-537.0	-193.0	-151.0	-412.0	296.0	-46.0	-572.0	-380.0	376.0	142.0	1197.0	1069.0	-946.0	547.0	649.0	642.0	-169.0	472.0	-179.0	159.0	-134.0	-109.0	-130.0	-1144.0	341.0	147.0	1003.0	209.0	1010.0	-153.0	751.0	655.0	236.0	259.0	-367.0	-249.0	157.0	-48.0	478.0	-797.0	121.0	-542.0	-616.0	-456.0	-313.0	-536.0	-466.0	311.0	-79.0	877.0	-517.0	-318.0	584.0	633.0	527.0	909.0	-319.0	-60.0	477.0	280.0	183.0	-94.0	-564.0	-112.0	-235.0	-893.0	-467.0	994.0	268.0	264.0	466.0	-59.0	170.0	392.0	-199.0	-201.0	1811.0	227.0	337.0	-1340.0	244.0	431.0	-80.0	577.0	33.0	-144.0	609.0	-0.0	-126.0	237.0	-309.0	-992.0	516.0	108.0	203.0	16.0	-614.0	-206.0	-241.0	-368.0	-943.0	796.0	399.0	264.0	-213.0	483.0	-197.0	178.0	609.0	-71.0	146.0	-223.0	-120.0	-287.0	-544.0	-102.0	84.0	233.0	54.0	1338.0	541.0	-491.0	462.0	-557.0	-377.0	160.0	516.0	-111.0	888.0	-159.0	-297.0	-371.0	277.0	269.0	555.0	1069.0	-162.0	614.0	88.0	-304.0	-30.0	607.0	212.0	1090.0	785.0	-240.0	-108.0	-101.0	-181.0	93.0	24.0	-383.0	-1172.0	-347.0	-756.0	200.0	-522.0	495.0	208.0	506.0	330.0	124.0	-790.0	-108.0	270.0	58.0	15.0	253.0	532.0	-546.0	1150.0	-540.0	-1664.0	1252.0	-192.0	-242.0	-101.0	565.0	228.0	-274.0	-145.0	-28.0	350.0	-885.0	-257.0	-438.0	-197.0	21.0	-57.0	-533.0	-197.0	215.0	-274.0	-54.0	1098.0	1036.0	-496.0	162.0	144.0	-172.0	266.0	-679.0	41.0	-179.0	166.0
-571.0	-99.0	248.0	492.0	7870.0	-427.0	58.0	-502.0	-20.0	-195.0	467.0	-821.0	-343.0	219.0	133.0	390.0	-152.0	-303.0	-868.0	-129.0	492.0	-530.0	-122.0	891.0	-71.0	-268.0	107.0	-1107.0	-745.0	642.0	245.0	-214.0	-124.0	430.0	276.0	-112.0	-1125.0	127.0	-294.0	116.0	63.0	-318.0	-55.0	-170.0	122.0	-641.0	-618.0	150.0	588.0	191.0	-46.0	49.0	-780.0	-390.0	-652.0	-463.0	-74.0	-51.0	819.0	71.0	682.0	697.0	-988.0	255.0	-244.0	-89.0	656.0	-325.0	1029.0	733.0	179.0	-620.0	-526.0	259.0	250.0	80.0	737.0	338.0	713.0	-155.0	-678.0	-1214.0	-349.0	210.0	-180.0	102.0	-303.0	-78.0	-211.0	-594.0	-430.0	77.0	-427.0	733.0	401.0	-217.0	-428.0	-81.0	-316.0	-379.0	-782.0	-267.0	669.0	-87.0	518.0	273.0	311.0	-414.0	-799.0	613.0	-264.0	141.0	133.0	-331.0	506.0	-512.0	-85.0	863.0	221.0	-87.0	169.0	-231.0	-411.0	-304.0	-801.0	134.0	-391.0	-364.0	149.0	-691.0	549.0	-529.0	240.0	277.0	255.0	523.0	-241.0	404.0	862.0	62.0	-203.0	-546.0	477.0	658.0	-219.0	-811.0	301.0	-588.0	-24.0	321.0	286.0	561.0	-891.0	-407.0	1390.0	710.0	369.0	94.0	582.0	648.0	-688.0	386.0	-213.0	-444.0	104.0	-791.0	346.0	-463.0	-379.0	59.0	-439.0	-63.0	-386.0	224.0	1346.0	1115.0	223.0	113.0	-294.0	224.0	-307.0	422.0	497.0	-144.0	-211.0	352.0	898.0	961.0	-835.0	85.0	-951.0	104.0	139.0	227.0	625.0	-775.0	-34.0	317.0	-304.0	108.0	-257.0	383.0	-61.0	-647.0	-445.0	-176.0	-220.0	28.0	-644.0	-91.0	490.0	-392.0	200.0	-230.0	104.0	-774.0	5.0	-38.0	88.0	-667.0	-534.0	-491.0	164.0	705.0	-372.0	399.0	-346.0	3.0	-508.0	310.0	1074.0	-719.0	503.0	476.0	-880.0	382.0	-238.0	604.0	321.0	-403.0	-237.0	184.0	-1105.0	-551.0	685.0	316.0	-793.0	168.0	-322.0	648.0
545.0	173.0	-186.0	626.0	-427.0	7954.0	-212.0	-428.0	84.0	198.0	785.0	211.0	980.0	258.0	57.0	39.0	744.0	996.0	608.0	1019.0	-451.0	-1104.0	-322.0	30.0	1149.0	-690.0	-145.0	339.0	-543.0	488.0	-583.0	180.0	13.0	244.0	-554.0	829.0	203.0	441.0	2.0	129.0	459.0	206.0	-70.0	472.0	-134.0	471.0	528.0	-362.0	828.0	302.0	90.0	814.0	-224.0	312.0	-45.0	-110.0	-204.0	466.0	-413.0	389.0	71.0	453.0	-118.0	-576.0	561.0	254.0	492.0	-305.0	-972.0	-397.0	-635.0	-1061.0	273.0	285.0	-389.0	-109.0	-597.0	34.0	-241.0	726.0	-388.0	654.0	66.0	-74.0	-129.0	362.0	-484.0	-835.0	-550.0	863.0	188.0	35.0	132.0	192.0	-146.0	-252.0	129.0	-6.0	357.0	-109.0	-627.0	-143.0	-287.0	-957.0	-250.0	101.0	-943.0	-2.0	-415.0	-372.0	374.0	-323.0	-96.0	99.0	227.0	-325.0	307.0	-396.0	395.0	441.0	-573.0	244.0	-186.0	248.0	-643.0	-563.0	-696.0	-499.0	-282.0	116.0	102.0	310.0	-578.0	-821.0	-340.0	310.0	-476.0	859.0	541.0	-423.0	-81.0	709.0	-153.0	-251.0	690.0	655.0	-248.0	-537.0	85.0	-569.0	989.0	55.0	312.0	-516.0	583.0	-387.0	894.0	156.0	-926.0	-690.0	347.0	628.0	199.0	-760.0	150.0	163.0	-1127.0	665.0	208.0	93.0	-724.0	250.0	238.0	508.0	258.0	55.0	-536.0	-398.0	-575.0	10.0	464.0	-557.0	431.0	-513.0	-21.0	114.0	214.0	-974.0	1111.0	-335.0	-1028.0	831.0	-896.0	225.0	-445.0	-56.0	518.0	-169.0	331.0	-52.0	335.0	931.0	50.0	1346.0	147.0	-682.0	-277.0	502.0	146.0	-340.0	382.0	-583.0	534.0	-239.0	-375.0	210.0	23.0	683.0	629.0	-968.0	527.0	7.0	-449.0	-615.0	174.0	-123.0	-497.0	928.0	295.0	-234.0	103.0	-144.0	-164.0	-477.0	281.0	-353.0	-120.0	-743.0	894.0	-432.0	-267.0	-17.0	285.0	-178.0	609.0	-1464.0	-199.0	162.0	371.0	-342.0
208.0	-305.0	-201.0	579.0	58.0	-212.0	9020.0	-105.0	68.0	-43.0	260.0	-1210.0	-257.0	265.0	669.0	-1823.0	150.0	767.0	295.0	-511.0	151.0	585.0	287.0	-25.0	-133.0	989.0	-62.0	-392.0	527.0	122.0	331.0	-512.0	581.0	-176.0	-255.0	983.0	-308.0	-687.0	-516.0	-586.0	738.0	8.0	157.0	200.0	-363.0	-71.0	-481.0	-333.0	-671.0	-656.0	741.0	-732.0	-609.0	719.0	-672.0	36.0	914.0	-762.0	-175.0	-167.0	-567.0	-861.0	312.0	-120.0	-625.0	-616.0	-255.0	43.0	222.0	-627.0	-187.0	247.0	-870.0	790.0	-129.0	-20.0	-375.0	529.0	459.0	1039.0	-400.0	256.0	695.0	-19.0	567.0	-742.0	268.0	-102.0	-833.0	-526.0	70.0	826.0	-116.0	138.0	630.0	-700.0	482.0	873.0	339.0	284.0	-181.0	-939.0	-132.0	795.0	-293.0	150.0	155.0	125.0	-148.0	-804.0	-440.0	228.0	298.0	-506.0	486.0	-605.0	1350.0	-676.0	-25.0	-270.0	740.0	462.0	328.0	1037.0	1170.0	-209.0	673.0	-149.0	-44.0	-579.0	717.0	207.0	-206.0	256.0	1089.0	-247.0	-530.0	-289.0	554.0	-210.0	374.0	-816.0	-306.0	-372.0	-205.0	-82.0	-273.0	-466.0	-124.0	-850.0	625.0	-52.0	-709.0	188.0	424.0	40.0	-277.0	37.0	362.0	-916.0	-1023.0	-1140.0	-488.0	731.0	481.0	-122.0	126.0	-609.0	360.0	449.0	1395.0	131.0	-66.0	24.0	14.0	158.0	-242.0	604.0	1006.0	474.0	401.0	-673.0	224.0	-1054.0	491.0	538.0	72.0	-556.0	692.0	-536.0	183.0	265.0	577.0	151.0	610.0	-698.0	-439.0	-768.0	-381.0	-533.0	-107.0	597.0	-719.0	595.0	145.0	406.0	53.0	-635.0	-154.0	-619.0	-266.0	-841.0	-13.0	-592.0	1084.0	1166.0	542.0	287.0	57.0	563.0	284.0	-88.0	-471.0	-972.0	-550.0	-6.0	-304.0	-339.0	30.0	758.0	570.0	70.0	606.0	-239.0	-139.0	-676.0	500.0	-285.0	212.0	929.0	348.0	-782.0	1179.0	-629.0	-626.0	129.0	131.0	-392.0	273.0	-210.0
-205.0	-881.0	69.0	126.0	-502.0	-428.0	-105.0	8406.0	-548.0	-872.0	142.0	595.0	-247.0	12.0	92.0	586.0	285.0	780.0	-39.0	-726.0	1274.0	-364.0	172.0	73.0	-108.0	-598.0	-613.0	368.0	-799.0	372.0	-200.0	-40.0	402.0	465.0	330.0	-815.0	-493.0	-118.0	-262.0	10.0	-266.0	-856.0	-400.0	622.0	316.0	717.0	751.0	169.0	-318.0	842.0	-538.0	1462.0	-119.0	-230.0	993.0	444.0	-508.0	379.0	-409.0	-1179.0	-1437.0	510.0	-93.0	-121.0	-118.0	628.0	311.0	-406.0	-614.0	68.0	281.0	492.0	-713.0	-260.0	-13.0	259.0	221.0	472.0	-462.0	112.0	-92.0	-443.0	-1091.0	730.0	-781.0	372.0	827.0	-117.0	433.0	370.0	-491.0	250.0	35.0	-205.0	168.0	232.0	322.0	-74.0	-1244.0	-369.0	-248.0	681.0	279.0	-890.0	-432.0	1059.0	570.0	1025.0	237.0	747.0	821.0	131.0	642.0	96.0	-212.0	533.0	-221.0	-67.0	162.0	-404.0	196.0	-1232.0	-62.0	534.0	-271.0	359.0	264.0	145.0	33.0	375.0	206.0	241.0	1298.0	-430.0	-120.0	-4.0	-68.0	-934.0	390.0	-189.0	-586.0	-225.0	-619.0	84.0	308.0	-152.0	25.0	5.0	-1134.0	-514.0	-67.0	529.0	517.0	-325.0	245.0	383.0	586.0	-178.0	-136.0	-488.0	-562.0	-526.0	-577.0	715.0	208.0	531.0	-186.0	784.0	1355.0	656.0	-60.0	95.0	260.0	-532.0	-176.0	-505.0	-433.0	-761.0	543.0	-153.0	-911.0	-508.0	700.0	-2.0	170.0	-1301.0	111.0	-573.0	-337.0	48.0	1449.0	57.0	-450.0	-514.0	-1535.0	-252.0	84.0	79.0	-35.0	-515.0	-866.0	-320.0	220.0	1245.0	-128.0	302.0	-409.0	1010.0	-446.0	-547.0	-1474.0	153.0	-335.0	5.0	361.0	305.0	-33.0	-951.0	681.0	373.0	-157.0	-247.0	42.0	-191.0	570.0	-535.0	809.0	-761.0	345.0	-629.0	-249.0	397.0	-638.0	1287.0	638.0	835.0	455.0	27.0	-357.0	353.0	-277.0	565.0	632.0	-851.0	-186.0	267.0	1149.0	401.0	118.0	-352.0
601.0	-536.0	22.0	81.0	-20.0	84.0	68.0	-548.0	7960.0	165.0	-246.0	379.0	-480.0	915.0	624.0	-115.0	-221.0	-145.0	411.0	-29.0	434.0	-711.0	-994.0	-260.0	48.0	-111.0	-672.0	89.0	27.0	-18.0	-462.0	-333.0	1501.0	-651.0	-578.0	378.0	-597.0	-104.0	1176.0	423.0	376.0	-282.0	811.0	-155.0	-767.0	-207.0	-699.0	207.0	104.0	700.0	-278.0	-324.0	-571.0	-686.0	245.0	119.0	-44.0	-183.0	-301.0	922.0	-1111.0	92.0	136.0	-143.0	32.0	47.0	-423.0	-43.0	502.0	334.0	-65.0	400.0	383.0	906.0	-736.0	-566.0	380.0	436.0	-97.0	44.0	40.0	132.0	340.0	1091.0	-203.0	-327.0	-263.0	-379.0	-605.0	1029.0	-66.0	-1402.0	325.0	-211.0	-982.0	1088.0	-64.0	525.0	-372.0	-779.0	-292.0	-1190.0	194.0	745.0	357.0	-971.0	117.0	-595.0	-587.0	-86.0	418.0	63.0	-357.0	-308.0	-171.0	178.0	-330.0	346.0	-341.0	-211.0	284.0	-204.0	-317.0	-445.0	671.0	-103.0	-201.0	821.0	-79.0	-553.0	863.0	42.0	-935.0	939.0	-410.0	-1291.0	251.0	673.0	-46.0	-201.0	-131.0	359.0	-162.0	-412.0	-90.0	-369.0	-830.0	-224.0	92.0	-593.0	-464.0	-849.0	212.0	280.0	163.0	-532.0	-335.0	-380.0	445.0	-5.0	734.0	546.0	160.0	-543.0	-681.0	513.0	-84.0	-265.0	97.0	106.0	-333.0	-557.0	714.0	185.0	519.0	643.0	111.0	122.0	-527.0	-246.0	269.0	44.0	822.0	266.0	-119.0	138.0	606.0	225.0	-136.0	-294.0	-343.0	1537.0	-45.0	-493.0	-510.0	-11.0	634.0	495.0	654.0	704.0	-1005.0	107.0	-627.0	-109.0	85.0	-667.0	-159.0	703.0	-779.0	-501.0	895.0	-257.0	524.0	612.0	-80.0	-222.0	86.0	-384.0	735.0	-679.0	-85.0	682.0	758.0	1043.0	354.0	158.0	-275.0	603.0	37.0	1068.0	-319.0	219.0	784.0	233.0	-235.0	54.0	767.0	-254.0	-328.0	73.0	-713.0	-350.0	-534.0	272.0	-928.0	-306.0	710.0	-373.0	112.0	-1164.0
1016.0	-1115.0	918.0	1970.0	-195.0	198.0	-43.0	-872.0	165.0	8515.0	-291.0	-607.0	-793.0	95.0	-116.0	-790.0	789.0	-251.0	624.0	74.0	-778.0	-244.0	-46.0	-109.0	869.0	-441.0	-898.0	-20.0	185.0	-489.0	-73.0	139.0	426.0	558.0	101.0	-276.0	-975.0	359.0	653.0	308.0	416.0	-330.0	-535.0	-19.0	512.0	310.0	503.0	-637.0	-1149.0	-1252.0	170.0	85.0	-280.0	-215.0	-605.0	250.0	-206.0	-873.0	35.0	339.0	1029.0	-516.0	-46.0	-414.0	-247.0	-177.0	-41.0	1072.0	-429.0	284.0	-246.0	418.0	737.0	778.0	-501.0	-397.0	322.0	-120.0	15.0	-235.0	785.0	-6.0	1068.0	99.0	18.0	26.0	810.0	480.0	-613.0	182.0	83.0	-112.0	251.0	572.0	178.0	-538.0	-481.0	-358.0	-140.0	428.0	-524.0	-716.0	-354.0	365.0	-332.0	-43.0	150.0	-127.0	294.0	-246.0	-384.0	391.0	-327.0	171.0	875.0	-578.0	-187.0	-422.0	1536.0	590.0	-873.0	123.0	-273.0	478.0	96.0	-245.0	20.0	70.0	412.0	144.0	-23.0	500.0	-335.0	342.0	694.0	937.0	-728.0	265.0	-682.0	447.0	-457.0	-144.0	-687.0	864.0	-769.0	-54.0	19.0	-510.0	393.0	-519.0	478.0	-596.0	495.0	-362.0	-601.0	110.0	342.0	-864.0	-765.0	-1146.0	218.0	95.0	-353.0	259.0	213.0	757.0	-324.0	393.0	-646.0	-256.0	-930.0	34.0	41.0	786.0	-925.0	343.0	154.0	-86.0	449.0	220.0	1262.0	-153.0	839.0	720.0	-52.0	643.0	140.0	57.0	670.0	-159.0	-48.0	-688.0	1304.0	-609.0	372.0	-243.0	451.0	-236.0	368.0	-261.0	383.0	-361.0	303.0	149.0	-405.0	-212.0	19.0	-7.0	-257.0	-288.0	592.0	556.0	363.0	522.0	-238.0	-103.0	-849.0	-134.0	227.0	-485.0	-327.0	-458.0	-742.0	646.0	1151.0	-322.0	-456.0	1129.0	387.0	-320.0	28.0	-538.0	429.0	-859.0	65.0	579.0	-453.0	79.0	17.0	491.0	59.0	-99.0	1116.0	492.0	43.0	-638.0	-430.0	-509.0	540.0	273.0
-498.0	497.0	123.0	-181.0	467.0	785.0	260.0	142.0	-246.0	-291.0	8816.0	63.0	213.0	-539.0	-279.0	44.0	28.0	1536.0	-303.0	-528.0	-122.0	583.0	-404.0	259.0	94.0	-488.0	-54.0	-44.0	-130.0	633.0	174.0	-568.0	-103.0	1198.0	622.0	438.0	-503.0	224.0	697.0	-214.0	-254.0	-335.0	309.0	-323.0	95.0	-279.0	-1060.0	115.0	-162.0	910.0	-981.0	-225.0	107.0	466.0	1090.0	334.0	108.0	-194.0	297.0	-1417.0	-51.0	-1183.0	-74.0	-540.0	-464.0	1010.0	-712.0	-213.0	76.0	431.0	125.0	-360.0	-6.0	1085.0	-224.0	-360.0	-162.0	-520.0	-778.0	844.0	128.0	414.0	-709.0	34.0	417.0	719.0	-167.0	-55.0	-411.0	410.0	611.0	-277.0	318.0	-828.0	1095.0	-459.0	-71.0	-633.0	-35.0	86.0	20.0	-603.0	111.0	-440.0	-71.0	-127.0	-439.0	-1238.0	514.0	1562.0	511.0	821.0	208.0	-361.0	10.0	351.0	106.0	36.0	716.0	1030.0	585.0	-42.0	682.0	-241.0	311.0	-53.0	1032.0	552.0	-470.0	-427.0	216.0	-514.0	-358.0	-328.0	164.0	107.0	180.0	-1939.0	460.0	460.0	571.0	275.0	-202.0	169.0	-14.0	-54.0	543.0	102.0	-79.0	292.0	179.0	-123.0	-10.0	-400.0	-100.0	-437.0	498.0	-516.0	-251.0	-227.0	-736.0	503.0	-660.0	360.0	-17.0	581.0	-956.0	-617.0	-47.0	739.0	-11.0	-821.0	-607.0	-144.0	337.0	-792.0	-673.0	1602.0	307.0	-1060.0	963.0	-10.0	-52.0	-1.0	392.0	-402.0	134.0	-320.0	648.0	-6.0	18.0	-72.0	-42.0	570.0	304.0	-187.0	45.0	-413.0	-256.0	286.0	658.0	790.0	-362.0	858.0	1019.0	-232.0	-1342.0	797.0	-469.0	577.0	54.0	460.0	798.0	-226.0	-1414.0	856.0	111.0	393.0	73.0	-372.0	-34.0	-247.0	477.0	-945.0	-841.0	-54.0	185.0	649.0	253.0	-369.0	177.0	484.0	-245.0	-231.0	658.0	674.0	201.0	-868.0	54.0	-34.0	515.0	-463.0	1045.0	250.0	482.0	-382.0	630.0	215.0	-291.0	-215.0
248.0	311.0	-228.0	-713.0	-821.0	211.0	-1210.0	595.0	379.0	-607.0	63.0	8434.0	210.0	556.0	-330.0	171.0	281.0	-394.0	-363.0	-883.0	118.0	448.0	352.0	521.0	-173.0	-789.0	78.0	-97.0	178.0	119.0	-772.0	189.0	265.0	197.0	-200.0	-221.0	-865.0	-67.0	-446.0	-293.0	249.0	208.0	669.0	-212.0	285.0	328.0	529.0	-578.0	569.0	-296.0	-557.0	994.0	550.0	-182.0	497.0	102.0	213.0	202.0	-407.0	252.0	224.0	-395.0	-239.0	96.0	-184.0	546.0	-194.0	-340.0	21.0	506.0	753.0	-272.0	435.0	-489.0	-816.0	-609.0	-492.0	284.0	-397.0	-497.0	316.0	-173.0	-1185.0	652.0	347.0	606.0	-237.0	222.0	1277.0	604.0	-811.0	630.0	404.0	-701.0	305.0	14.0	339.0	-662.0	-430.0	-117.0	-26.0	28.0	280.0	-630.0	-340.0	-373.0	25.0	-829.0	348.0	581.0	1248.0	535.0	-62.0	9.0	-376.0	-188.0	325.0	-53.0	-329.0	-161.0	116.0	-397.0	586.0	-75.0	-662.0	221.0	32.0	-340.0	536.0	592.0	540.0	-840.0	-495.0	179.0	-576.0	130.0	652.0	390.0	-393.0	782.0	56.0	1093.0	-0.0	-702.0	321.0	113.0	493.0	-280.0	-136.0	-422.0	-391.0	593.0	350.0	148.0	61.0	360.0	-393.0	-1243.0	430.0	-99.0	392.0	-128.0	-283.0	-489.0	303.0	-51.0	111.0	-1295.0	35.0	-940.0	-994.0	-410.0	1286.0	466.0	-34.0	-124.0	263.0	-253.0	6.0	-488.0	-81.0	412.0	631.0	631.0	-135.0	-397.0	-13.0	-522.0	114.0	-841.0	539.0	173.0	-121.0	-812.0	325.0	-342.0	-457.0	-1133.0	301.0	435.0	-928.0	-924.0	925.0	59.0	370.0	-277.0	868.0	450.0	-237.0	-128.0	82.0	722.0	433.0	574.0	-59.0	-482.0	-401.0	607.0	101.0	-250.0	878.0	-1108.0	712.0	669.0	456.0	813.0	368.0	-184.0	438.0	-655.0	-251.0	-157.0	-594.0	165.0	650.0	-53.0	-143.0	19.0	-242.0	75.0	-519.0	217.0	-793.0	-332.0	-507.0	-270.0	563.0	100.0	-773.0	-191.0
-255.0	362.0	-922.0	816.0	-343.0	980.0	-257.0	-247.0	-480.0	-793.0	213.0	210.0	8329.0	-66.0	334.0	-54.0	-9.0	-338.0	538.0	239.0	-435.0	833.0	583.0	-88.0	-550.0	263.0	-181.0	-412.0	-14.0	-676.0	259.0	88.0	-277.0	-432.0	-40.0	523.0	309.0	751.0	-654.0	25.0	-278.0	1512.0	415.0	361.0	-575.0	614.0	312.0	343.0	-696.0	204.0	723.0	3.0	-296.0	368.0	363.0	-88.0	-368.0	-731.0	210.0	-170.0	354.0	478.0	1088.0	-281.0	416.0	-295.0	843.0	-89.0	-64.0	-145.0	233.0	-1359.0	713.0	-397.0	64.0	32.0	-433.0	-445.0	-170.0	400.0	28.0	945.0	346.0	-944.0	-441.0	-137.0	-220.0	787.0	353.0	1.0	-809.0	488.0	-722.0	-319.0	-458.0	500.0	730.0	-442.0	-71.0	206.0	813.0	220.0	1146.0	-640.0	9.0	257.0	-547.0	-24.0	1139.0	-580.0	798.0	-83.0	-442.0	-204.0	196.0	-356.0	232.0	28.0	-389.0	968.0	-1358.0	-142.0	590.0	215.0	-298.0	-737.0	-519.0	-406.0	68.0	109.0	947.0	-292.0	-243.0	-109.0	-470.0	571.0	-1176.0	444.0	111.0	-288.0	651.0	419.0	-33.0	-912.0	261.0	558.0	695.0	613.0	-9.0	190.0	779.0	-270.0	-304.0	-173.0	353.0	-365.0	196.0	-555.0	-290.0	-100.0	14.0	-144.0	559.0	-581.0	177.0	-943.0	48.0	-309.0	221.0	-227.0	34.0	373.0	3.0	-513.0	-813.0	-311.0	-612.0	580.0	-324.0	-155.0	843.0	-1255.0	819.0	85.0	22.0	-444.0	-72.0	-852.0	292.0	711.0	-136.0	417.0	-1210.0	63.0	552.0	892.0	-490.0	424.0	147.0	-284.0	220.0	596.0	-470.0	739.0	-411.0	-521.0	-95.0	-13.0	201.0	-319.0	-9.0	-160.0	453.0	75.0	128.0	178.0	375.0	-102.0	-948.0	-238.0	-222.0	-119.0	410.0	782.0	-836.0	59.0	-699.0	881.0	409.0	-592.0	377.0	716.0	-82.0	-294.0	-746.0	-406.0	-609.0	-1390.0	968.0	-282.0	-607.0	-1191.0	747.0	239.0	551.0	-687.0	-25.0	-149.0	-139.0	762.0
240.0	-217.0	-366.0	-21.0	219.0	258.0	265.0	12.0	915.0	95.0	-539.0	556.0	-66.0	7734.0	70.0	-684.0	-829.0	-485.0	116.0	850.0	-120.0	312.0	-586.0	154.0	565.0	163.0	296.0	284.0	-962.0	1107.0	1003.0	122.0	215.0	-191.0	-245.0	1141.0	182.0	-277.0	-246.0	-74.0	221.0	-239.0	397.0	154.0	61.0	-708.0	-195.0	-174.0	708.0	81.0	-357.0	-444.0	76.0	501.0	-1043.0	1.0	-823.0	-123.0	-306.0	149.0	-284.0	294.0	382.0	435.0	-505.0	-1137.0	411.0	-1367.0	370.0	459.0	-334.0	203.0	290.0	-165.0	-208.0	-542.0	-887.0	502.0	380.0	-861.0	254.0	252.0	-794.0	754.0	-927.0	66.0	92.0	300.0	533.0	214.0	483.0	-1141.0	1014.0	-494.0	-535.0	-26.0	275.0	34.0	-134.0	666.0	-1170.0	-463.0	-1127.0	-700.0	636.0	-728.0	489.0	423.0	-630.0	23.0	-149.0	-420.0	477.0	13.0	-93.0	-438.0	-663.0	-183.0	-734.0	-123.0	-210.0	-69.0	-994.0	12.0	-79.0	1024.0	587.0	-415.0	234.0	-128.0	-570.0	629.0	54.0	-317.0	304.0	-366.0	44.0	180.0	731.0	-824.0	1033.0	-188.0	-340.0	-45.0	-314.0	-43.0	190.0	-732.0	-161.0	-1025.0	454.0	751.0	345.0	1464.0	571.0	-168.0	421.0	373.0	188.0	609.0	681.0	1094.0	325.0	223.0	-246.0	88.0	-451.0	264.0	7.0	-156.0	-72.0	-515.0	1206.0	-139.0	400.0	647.0	-1141.0	-199.0	-372.0	566.0	217.0	-155.0	-134.0	597.0	303.0	47.0	-251.0	-119.0	409.0	-912.0	110.0	332.0	-606.0	-830.0	843.0	6.0	125.0	-648.0	9.0	-221.0	-533.0	-152.0	-196.0	-388.0	-15.0	-350.0	947.0	50.0	-897.0	506.0	1.0	109.0	-110.0	317.0	665.0	-83.0	-273.0	-237.0	244.0	272.0	377.0	-109.0	-246.0	-119.0	-369.0	582.0	-1028.0	-482.0	202.0	-50.0	-1060.0	-361.0	646.0	612.0	-12.0	-543.0	-529.0	1063.0	134.0	-322.0	95.0	812.0	-1146.0	1015.0	-139.0	30.0	-237.0	-191.0	817.0	914.0
905.0	-590.0	-536.0	-68.0	133.0	57.0	669.0	92.0	624.0	-116.0	-279.0	-330.0	334.0	70.0	9056.0	225.0	332.0	-352.0	-443.0	-15.0	414.0	-705.0	-676.0	-249.0	117.0	-227.0	776.0	-206.0	-256.0	169.0	-226.0	541.0	882.0	90.0	-948.0	-234.0	-1464.0	-772.0	-585.0	73.0	-1017.0	-368.0	827.0	-148.0	100.0	1631.0	-198.0	183.0	369.0	-84.0	-183.0	-314.0	-940.0	671.0	-656.0	-1024.0	-261.0	582.0	115.0	480.0	-512.0	-1068.0	386.0	-153.0	-884.0	500.0	-679.0	443.0	-439.0	550.0	-961.0	-1100.0	856.0	386.0	620.0	654.0	299.0	388.0	-794.0	1.0	29.0	-56.0	1346.0	-341.0	-240.0	-167.0	300.0	-303.0	466.0	-707.0	-843.0	-629.0	-321.0	187.0	1047.0	-568.0	-599.0	-184.0	-484.0	-86.0	-129.0	-141.0	473.0	-249.0	-92.0	-366.0	-689.0	248.0	-543.0	-188.0	333.0	863.0	-266.0	-44.0	-580.0	-49.0	-561.0	-248.0	899.0	-507.0	13.0	100.0	-1024.0	-454.0	-462.0	-750.0	-210.0	-1358.0	341.0	560.0	931.0	454.0	277.0	458.0	648.0	-192.0	-826.0	679.0	498.0	-501.0	-1151.0	545.0	678.0	-325.0	-335.0	-1037.0	181.0	-87.0	-82.0	878.0	-1161.0	633.0	-674.0	173.0	480.0	929.0	-239.0	743.0	-241.0	721.0	-61.0	1094.0	-660.0	-300.0	-223.0	-660.0	667.0	433.0	-108.0	-66.0	-114.0	-254.0	-725.0	129.0	-429.0	121.0	188.0	-137.0	458.0	-362.0	-432.0	555.0	494.0	176.0	509.0	-257.0	-705.0	283.0	-593.0	1108.0	-564.0	133.0	-1016.0	-2.0	-531.0	50.0	-448.0	38.0	1496.0	-209.0	-486.0	145.0	-557.0	-56.0	1435.0	-429.0	47.0	-166.0	-493.0	-260.0	124.0	239.0	-114.0	-439.0	-115.0	-49.0	-713.0	-634.0	1063.0	484.0	-1119.0	296.0	-455.0	76.0	7.0	78.0	510.0	91.0	-263.0	543.0	771.0	-31.0	46.0	-800.0	-1032.0	238.0	439.0	-58.0	594.0	788.0	-491.0	-142.0	1419.0	957.0	-504.0	-862.0	-1485.0	255.0	14.0	519.0
851.0	462.0	-848.0	-231.0	390.0	39.0	-1823.0	586.0	-115.0	-790.0	44.0	171.0	-54.0	-684.0	225.0	7615.0	-658.0	-187.0	8.0	-702.0	885.0	-524.0	-163.0	749.0	-597.0	280.0	227.0	-526.0	91.0	-157.0	-291.0	228.0	352.0	-150.0	221.0	384.0	-512.0	71.0	-239.0	-225.0	431.0	-29.0	-73.0	266.0	79.0	-289.0	-136.0	159.0	563.0	1270.0	-184.0	-32.0	378.0	-273.0	476.0	-670.0	-106.0	380.0	755.0	196.0	-907.0	686.0	222.0	333.0	-436.0	687.0	226.0	-187.0	-286.0	556.0	110.0	225.0	410.0	474.0	335.0	-351.0	-103.0	492.0	240.0	-1540.0	544.0	-957.0	-166.0	387.0	15.0	798.0	-318.0	-299.0	51.0	21.0	-64.0	1243.0	-1.0	557.0	-55.0	64.0	-573.0	-217.0	-140.0	-462.0	236.0	210.0	28.0	-428.0	738.0	296.0	823.0	491.0	-464.0	958.0	30.0	-533.0	-16.0	-525.0	1129.0	-482.0	-299.0	13.0	-611.0	245.0	236.0	402.0	619.0	-424.0	-368.0	-78.0	-68.0	586.0	-375.0	72.0	428.0	-536.0	682.0	829.0	426.0	265.0	211.0	-868.0	-275.0	-169.0	580.0	-360.0	-787.0	400.0	242.0	199.0	865.0	-182.0	-1084.0	-575.0	-357.0	291.0	230.0	-1144.0	-204.0	1260.0	-145.0	665.0	555.0	939.0	118.0	-489.0	419.0	-317.0	-530.0	-592.0	-239.0	269.0	287.0	17.0	68.0	-96.0	-507.0	-225.0	-668.0	-373.0	-343.0	-219.0	-1108.0	465.0	-555.0	992.0	-710.0	-419.0	-191.0	50.0	373.0	-60.0	-594.0	215.0	623.0	56.0	-286.0	141.0	-785.0	-639.0	-150.0	-97.0	560.0	224.0	-538.0	202.0	745.0	-391.0	-4.0	-137.0	42.0	108.0	-347.0	-8.0	-122.0	163.0	370.0	-387.0	-848.0	372.0	-217.0	261.0	-467.0	135.0	-106.0	24.0	192.0	98.0	-137.0	436.0	-413.0	352.0	104.0	-319.0	-236.0	597.0	-1061.0	132.0	1373.0	212.0	-117.0	-502.0	-671.0	-251.0	504.0	323.0	-970.0	340.0	-59.0	219.0	-153.0	586.0	128.0	-9.0
93.0	57.0	79.0	448.0	-152.0	744.0	150.0	285.0	-221.0	789.0	28.0	281.0	-9.0	-829.0	332.0	-658.0	7953.0	-198.0	-158.0	93.0	186.0	-258.0	-351.0	-171.0	20.0	-10.0	-219.0	-335.0	-913.0	301.0	-88.0	-280.0	-649.0	499.0	543.0	287.0	-766.0	-272.0	365.0	-1149.0	696.0	412.0	304.0	-294.0	896.0	-99.0	-572.0	-338.0	424.0	-550.0	-994.0	691.0	953.0	-405.0	758.0	472.0	656.0	-660.0	-722.0	55.0	235.0	-689.0	238.0	-679.0	-310.0	216.0	257.0	460.0	131.0	-809.0	1052.0	85.0	-438.0	514.0	313.0	-59.0	1019.0	-693.0	-858.0	217.0	244.0	288.0	-234.0	19.0	849.0	-230.0	-416.0	-653.0	-907.0	499.0	-413.0	836.0	943.0	-904.0	-591.0	64.0	490.0	-436.0	104.0	-91.0	283.0	-36.0	-124.0	-22.0	-120.0	-478.0	-1006.0	157.0	101.0	266.0	-444.0	371.0	-294.0	567.0	621.0	-236.0	84.0	433.0	45.0	270.0	-369.0	-3.0	-849.0	-16.0	-799.0	372.0	-245.0	267.0	311.0	-497.0	353.0	184.0	-78.0	-1256.0	793.0	-479.0	-208.0	392.0	-404.0	427.0	-378.0	-159.0	-387.0	226.0	799.0	12.0	-648.0	-294.0	447.0	-178.0	-34.0	427.0	195.0	-384.0	-743.0	373.0	226.0	532.0	-243.0	410.0	-275.0	-748.0	-134.0	-906.0	291.0	323.0	-844.0	-24.0	-3.0	682.0	-206.0	924.0	161.0	-62.0	-612.0	628.0	-229.0	306.0	649.0	407.0	662.0	581.0	1031.0	-240.0	393.0	-114.0	855.0	-819.0	167.0	-137.0	356.0	-474.0	63.0	234.0	122.0	434.0	-855.0	-451.0	499.0	921.0	-48.0	155.0	399.0	1018.0	507.0	94.0	482.0	-321.0	-319.0	32.0	205.0	-851.0	820.0	95.0	385.0	371.0	449.0	-669.0	-109.0	-648.0	-539.0	-952.0	-87.0	51.0	358.0	131.0	-136.0	421.0	-12.0	-40.0	234.0	-525.0	-416.0	-188.0	-545.0	549.0	62.0	979.0	-195.0	-14.0	468.0	-217.0	475.0	-181.0	-76.0	157.0	696.0	-1215.0	-300.0	505.0
393.0	367.0	-226.0	-732.0	-303.0	996.0	767.0	780.0	-145.0	-251.0	1536.0	-394.0	-338.0	-485.0	-352.0	-187.0	-198.0	8784.0	-1265.0	-58.0	176.0	177.0	122.0	376.0	-500.0	301.0	-1106.0	-80.0	343.0	600.0	347.0	-494.0	143.0	865.0	496.0	-18.0	218.0	-157.0	-39.0	-71.0	581.0	-240.0	173.0	-509.0	226.0	602.0	83.0	1162.0	185.0	553.0	-500.0	-40.0	296.0	384.0	-337.0	-122.0	128.0	-40.0	-302.0	-726.0	84.0	-669.0	223.0	-993.0	-72.0	1074.0	-324.0	-304.0	-32.0	52.0	322.0	913.0	265.0	-286.0	-158.0	-354.0	-808.0	-1004.0	-50.0	-404.0	134.0	294.0	179.0	142.0	-262.0	-72.0	-787.0	157.0	810.0	-29.0	1969.0	-159.0	-569.0	405.0	-656.0	-192.0	-562.0	-520.0	-93.0	-351.0	161.0	455.0	342.0	-702.0	-69.0	468.0	701.0	769.0	516.0	-108.0	-46.0	666.0	850.0	106.0	194.0	949.0	217.0	-390.0	-84.0	1425.0	-209.0	-337.0	-113.0	-159.0	304.0	721.0	493.0	514.0	-780.0	-674.0	-200.0	270.0	-338.0	-1173.0	398.0	-147.0	-441.0	-843.0	1.0	-223.0	-29.0	-361.0	258.0	-461.0	280.0	-377.0	-1008.0	313.0	530.0	-8.0	756.0	215.0	-899.0	-723.0	37.0	861.0	894.0	-80.0	404.0	-331.0	-754.0	-887.0	-1166.0	-90.0	537.0	1209.0	190.0	-44.0	364.0	139.0	-165.0	596.0	361.0	-260.0	-804.0	-50.0	21.0	-879.0	707.0	-851.0	18.0	-1057.0	-113.0	-318.0	1257.0	-387.0	403.0	480.0	419.0	-207.0	146.0	-120.0	-601.0	340.0	-648.0	-432.0	-489.0	-73.0	-143.0	-505.0	563.0	156.0	-335.0	1076.0	-200.0	483.0	-445.0	-392.0	952.0	-172.0	174.0	-644.0	899.0	541.0	-274.0	-933.0	569.0	338.0	251.0	435.0	-821.0	-384.0	786.0	9.0	528.0	-698.0	207.0	-252.0	225.0	-11.0	-319.0	371.0	-841.0	-702.0	483.0	517.0	153.0	-669.0	67.0	-227.0	-329.0	-375.0	-359.0	-407.0	-1165.0	497.0	605.0	204.0	732.0	528.0
177.0	416.0	-500.0	200.0	-868.0	608.0	295.0	-39.0	411.0	624.0	-303.0	-363.0	538.0	116.0	-443.0	8.0	-158.0	-1265.0	9066.0	106.0	130.0	-239.0	-514.0	206.0	858.0	-475.0	-32.0	466.0	382.0	-298.0	174.0	-1.0	122.0	-74.0	-419.0	-129.0	296.0	-659.0	668.0	-368.0	482.0	1184.0	-471.0	272.0	-303.0	382.0	-362.0	4.0	-56.0	791.0	344.0	-25.0	103.0	435.0	223.0	46.0	241.0	-66.0	-1059.0	260.0	618.0	-735.0	737.0	-81.0	-558.0	-817.0	-322.0	86.0	273.0	-767.0	-541.0	-736.0	298.0	-142.0	-94.0	-132.0	-190.0	-10.0	-280.0	-105.0	-379.0	744.0	-67.0	933.0	911.0	52.0	-97.0	-177.0	-801.0	-505.0	-219.0	-197.0	273.0	4.0	307.0	-621.0	-175.0	1217.0	-112.0	-834.0	825.0	51.0	48.0	-1028.0	120.0	96.0	-371.0	-712.0	-355.0	-631.0	418.0	-615.0	489.0	1705.0	-389.0	-523.0	148.0	-89.0	165.0	296.0	-129.0	-89.0	395.0	680.0	-822.0	-152.0	1020.0	-311.0	463.0	499.0	-677.0	-786.0	-242.0	-364.0	-328.0	121.0	-840.0	725.0	55.0	-941.0	441.0	605.0	-890.0	962.0	119.0	20.0	-173.0	-676.0	226.0	797.0	-195.0	766.0	-72.0	923.0	1073.0	-344.0	-890.0	-849.0	177.0	-712.0	-425.0	278.0	-294.0	-9.0	-145.0	466.0	-921.0	-363.0	-381.0	97.0	589.0	1145.0	-863.0	-295.0	-1193.0	523.0	-524.0	-2.0	-553.0	-278.0	948.0	-48.0	81.0	-526.0	-10.0	143.0	-1429.0	-232.0	781.0	-1190.0	340.0	-1363.0	-354.0	475.0	-824.0	562.0	417.0	-245.0	-176.0	-538.0	-159.0	978.0	-711.0	-428.0	-1585.0	-801.0	961.0	565.0	197.0	29.0	-561.0	758.0	-476.0	83.0	512.0	-235.0	-217.0	-516.0	-531.0	-537.0	-926.0	322.0	-541.0	439.0	1297.0	-800.0	-451.0	186.0	66.0	28.0	713.0	-711.0	799.0	137.0	572.0	247.0	-139.0	296.0	329.0	577.0	-526.0	-234.0	768.0	338.0	147.0	49.0	-13.0	215.0	1170.0	658.0
-871.0	148.0	869.0	-306.0	-129.0	1019.0	-511.0	-726.0	-29.0	74.0	-528.0	-883.0	239.0	850.0	-15.0	-702.0	93.0	-58.0	106.0	8396.0	-141.0	434.0	-886.0	-208.0	453.0	-18.0	43.0	-409.0	164.0	26.0	514.0	-674.0	587.0	608.0	-991.0	375.0	584.0	117.0	456.0	7.0	-774.0	-106.0	135.0	-444.0	-52.0	172.0	138.0	-214.0	296.0	-245.0	-892.0	213.0	-1063.0	207.0	-423.0	411.0	-283.0	902.0	-309.0	694.0	491.0	-484.0	340.0	679.0	181.0	-1072.0	-615.0	-517.0	372.0	-561.0	-456.0	4.0	-89.0	-35.0	926.0	-665.0	536.0	-361.0	315.0	-108.0	-134.0	54.0	450.0	-1112.0	97.0	114.0	-188.0	-610.0	-530.0	160.0	147.0	210.0	153.0	-39.0	-983.0	-165.0	-4.0	-139.0	172.0	-26.0	133.0	-59.0	-375.0	-229.0	-157.0	216.0	334.0	-241.0	724.0	527.0	79.0	189.0	-1195.0	273.0	-1128.0	-262.0	269.0	452.0	-767.0	-1127.0	-145.0	-254.0	367.0	69.0	-176.0	352.0	-296.0	-871.0	86.0	-695.0	-122.0	-543.0	-1916.0	-277.0	493.0	125.0	289.0	112.0	28.0	-956.0	487.0	-205.0	246.0	625.0	833.0	273.0	-259.0	529.0	142.0	-631.0	-284.0	208.0	-842.0	90.0	47.0	-188.0	705.0	-284.0	682.0	-303.0	-244.0	100.0	423.0	-811.0	-276.0	-659.0	1024.0	336.0	222.0	396.0	-220.0	418.0	206.0	-112.0	-117.0	-129.0	123.0	400.0	-959.0	-373.0	151.0	-448.0	-36.0	368.0	12.0	-718.0	-517.0	-275.0	578.0	-408.0	-563.0	688.0	-411.0	378.0	-294.0	841.0	226.0	931.0	308.0	141.0	-68.0	511.0	-87.0	116.0	9.0	-742.0	276.0	-353.0	915.0	299.0	16.0	572.0	80.0	-314.0	144.0	-924.0	31.0	325.0	701.0	-458.0	-379.0	-68.0	-470.0	-1021.0	250.0	-279.0	-723.0	531.0	456.0	883.0	-683.0	-180.0	843.0	107.0	-756.0	481.0	-669.0	-274.0	16.0	-514.0	237.0	258.0	-888.0	1065.0	-1027.0	-434.0	-1653.0	314.0	-475.0	-282.0
656.0	-34.0	478.0	-52.0	492.0	-451.0	151.0	1274.0	434.0	-778.0	-122.0	118.0	-435.0	-120.0	414.0	885.0	186.0	176.0	130.0	-141.0	7875.0	-734.0	-357.0	-674.0	-500.0	183.0	-131.0	-39.0	431.0	-348.0	-373.0	166.0	-75.0	-86.0	-353.0	-244.0	-318.0	-92.0	-359.0	80.0	-353.0	481.0	745.0	595.0	-980.0	-273.0	-518.0	394.0	352.0	-183.0	-585.0	-452.0	54.0	-226.0	-629.0	-57.0	-1013.0	-580.0	-115.0	282.0	-1539.0	-151.0	102.0	996.0	-775.0	136.0	223.0	534.0	-320.0	-744.0	-607.0	469.0	131.0	509.0	-237.0	299.0	415.0	692.0	-264.0	-31.0	594.0	100.0	-527.0	285.0	152.0	561.0	-672.0	-254.0	270.0	-114.0	-94.0	309.0	-686.0	-607.0	34.0	-21.0	808.0	185.0	-358.0	-628.0	79.0	-505.0	381.0	134.0	-312.0	396.0	720.0	219.0	-990.0	-97.0	312.0	-261.0	-565.0	145.0	662.0	525.0	-259.0	614.0	243.0	683.0	290.0	400.0	1437.0	-132.0	-538.0	732.0	616.0	-111.0	-676.0	-1130.0	515.0	540.0	-189.0	-65.0	250.0	-180.0	431.0	-260.0	-248.0	541.0	-1038.0	-368.0	268.0	529.0	1061.0	-461.0	-612.0	-250.0	-192.0	-48.0	-72.0	-1064.0	102.0	-262.0	320.0	-479.0	243.0	-855.0	356.0	-436.0	-491.0	-837.0	-512.0	463.0	830.0	-462.0	1207.0	-1390.0	247.0	-879.0	324.0	-95.0	-36.0	-538.0	301.0	-89.0	201.0	-336.0	61.0	-414.0	212.0	-557.0	100.0	-74.0	-424.0	-165.0	605.0	420.0	-528.0	165.0	360.0	-109.0	-46.0	-6.0	-613.0	29.0	-1075.0	653.0	213.0	-441.0	-78.0	-247.0	1038.0	31.0	-148.0	-285.0	461.0	171.0	-276.0	-417.0	-498.0	-163.0	-608.0	-38.0	-547.0	41.0	375.0	-290.0	906.0	-735.0	393.0	-177.0	162.0	432.0	93.0	-6.0	18.0	-88.0	525.0	885.0	663.0	-526.0	843.0	871.0	-1301.0	81.0	603.0	-562.0	-532.0	58.0	304.0	391.0	928.0	-21.0	740.0	-358.0	-75.0	880.0	-393.0	-919.0
-46.0	-176.0	-108.0	-340.0	-530.0	-1104.0	585.0	-364.0	-711.0	-244.0	583.0	448.0	833.0	312.0	-705.0	-524.0	-258.0	177.0	-239.0	434.0	-734.0	8354.0	400.0	-407.0	-677.0	826.0	-12.0	-658.0	-102.0	-332.0	-387.0	212.0	609.0	12.0	781.0	-241.0	54.0	-277.0	263.0	-599.0	-902.0	-226.0	-510.0	884.0	-47.0	-424.0	92.0	518.0	50.0	-337.0	-684.0	-187.0	526.0	49.0	-434.0	748.0	611.0	238.0	-94.0	-242.0	1246.0	-698.0	-342.0	225.0	313.0	124.0	9.0	-259.0	-204.0	144.0	487.0	456.0	289.0	-600.0	90.0	-1064.0	1.0	-974.0	-1080.0	148.0	64.0	486.0	-407.0	266.0	173.0	-699.0	-104.0	934.0	422.0	155.0	-125.0	1024.0	141.0	-581.0	-303.0	-15.0	72.0	794.0	-82.0	375.0	-41.0	-614.0	-481.0	619.0	-672.0	39.0	330.0	382.0	617.0	-246.0	763.0	220.0	562.0	-497.0	539.0	-1159.0	890.0	-11.0	-247.0	-679.0	-770.0	187.0	-275.0	666.0	1250.0	-163.0	31.0	562.0	537.0	583.0	61.0	-747.0	441.0	-116.0	-406.0	125.0	-213.0	-802.0	-120.0	391.0	834.0	806.0	-348.0	530.0	426.0	-28.0	-12.0	176.0	432.0	872.0	-122.0	585.0	1303.0	-602.0	-37.0	292.0	74.0	-770.0	-162.0	-124.0	-2.0	587.0	895.0	301.0	564.0	-76.0	521.0	-16.0	-183.0	-154.0	-480.0	155.0	73.0	-247.0	-226.0	753.0	386.0	597.0	976.0	-75.0	655.0	-570.0	-599.0	628.0	66.0	282.0	-65.0	345.0	51.0	2.0	-958.0	563.0	52.0	-540.0	810.0	-376.0	-762.0	-404.0	-573.0	613.0	-120.0	503.0	-284.0	148.0	381.0	361.0	53.0	-131.0	748.0	56.0	-986.0	-437.0	-440.0	-162.0	-384.0	-193.0	841.0	-38.0	-740.0	-590.0	-349.0	975.0	-878.0	177.0	-1085.0	323.0	-582.0	-537.0	-50.0	-67.0	-149.0	-203.0	392.0	616.0	-444.0	-274.0	246.0	-831.0	398.0	164.0	-176.0	406.0	477.0	144.0	-5.0	-76.0	529.0	44.0	-355.0	-99.0
570.0	-266.0	394.0	-386.0	-122.0	-322.0	287.0	172.0	-994.0	-46.0	-404.0	352.0	583.0	-586.0	-676.0	-163.0	-351.0	122.0	-514.0	-886.0	-357.0	400.0	8612.0	-643.0	-16.0	-35.0	110.0	-1528.0	582.0	99.0	165.0	-537.0	-467.0	-71.0	-195.0	-290.0	978.0	-229.0	-3.0	-592.0	-214.0	-23.0	6.0	-409.0	-304.0	-522.0	364.0	-526.0	632.0	918.0	475.0	-736.0	1124.0	-6.0	-718.0	437.0	526.0	1106.0	-24.0	-1382.0	553.0	831.0	310.0	-503.0	414.0	-414.0	284.0	-341.0	-1146.0	421.0	268.0	-676.0	-1357.0	-916.0	33.0	-199.0	-585.0	-108.0	97.0	-457.0	-1060.0	402.0	128.0	-232.0	-630.0	-459.0	-9.0	677.0	464.0	-522.0	-358.0	1838.0	159.0	-1000.0	-80.0	147.0	276.0	-166.0	-461.0	511.0	133.0	882.0	-414.0	43.0	-23.0	-2.0	-707.0	-46.0	667.0	812.0	-299.0	-363.0	-442.0	50.0	217.0	26.0	788.0	330.0	86.0	147.0	180.0	-517.0	417.0	422.0	229.0	778.0	-147.0	-436.0	-300.0	-279.0	-484.0	743.0	551.0	-357.0	-508.0	-428.0	-20.0	-189.0	-225.0	384.0	-528.0	443.0	-18.0	73.0	60.0	-728.0	625.0	396.0	-1165.0	259.0	686.0	275.0	-526.0	-228.0	-161.0	912.0	-637.0	-810.0	-562.0	-512.0	-73.0	-305.0	-69.0	-583.0	-967.0	30.0	521.0	-95.0	123.0	449.0	-75.0	-146.0	164.0	460.0	-119.0	854.0	-266.0	220.0	-577.0	636.0	76.0	-142.0	-239.0	15.0	468.0	202.0	242.0	422.0	-282.0	943.0	258.0	-632.0	224.0	-353.0	-612.0	173.0	-806.0	-869.0	447.0	-575.0	291.0	-959.0	-829.0	-779.0	-80.0	1315.0	815.0	194.0	631.0	-114.0	-447.0	-139.0	-665.0	282.0	434.0	582.0	122.0	1058.0	-98.0	-59.0	-557.0	112.0	165.0	128.0	-231.0	612.0	846.0	-755.0	417.0	407.0	1304.0	-479.0	450.0	50.0	1170.0	-230.0	637.0	-217.0	318.0	613.0	148.0	-51.0	794.0	-395.0	-225.0	59.0	45.0	803.0	-150.0	79.0
-375.0	76.0	-387.0	-521.0	891.0	30.0	-25.0	73.0	-260.0	-109.0	259.0	521.0	-88.0	154.0	-249.0	749.0	-171.0	376.0	206.0	-208.0	-674.0	-407.0	-643.0	8479.0	381.0	-417.0	800.0	-313.0	197.0	-495.0	641.0	668.0	-103.0	-225.0	241.0	437.0	100.0	-41.0	467.0	-534.0	-114.0	52.0	-998.0	38.0	668.0	-451.0	-905.0	743.0	-717.0	-875.0	-1050.0	625.0	958.0	-158.0	407.0	-442.0	-154.0	266.0	516.0	-3.0	-364.0	-178.0	-39.0	260.0	215.0	-75.0	-279.0	-567.0	-80.0	183.0	106.0	448.0	-501.0	-1140.0	-125.0	42.0	299.0	-921.0	516.0	-180.0	858.0	-246.0	-1151.0	346.0	231.0	-150.0	-1392.0	11.0	88.0	-186.0	474.0	-328.0	374.0	331.0	-528.0	417.0	475.0	282.0	-323.0	-191.0	778.0	180.0	432.0	-64.0	683.0	-89.0	129.0	45.0	380.0	273.0	-490.0	-281.0	122.0	-317.0	346.0	-155.0	345.0	-1157.0	-208.0	473.0	-203.0	-285.0	508.0	-280.0	-48.0	-49.0	-26.0	-424.0	223.0	-125.0	-18.0	-611.0	-100.0	-959.0	-276.0	546.0	255.0	480.0	-255.0	-277.0	-51.0	142.0	906.0	544.0	238.0	-80.0	83.0	-221.0	706.0	181.0	-789.0	102.0	-198.0	97.0	116.0	192.0	192.0	510.0	-44.0	-460.0	-560.0	1329.0	320.0	-22.0	-354.0	-563.0	-771.0	-4.0	573.0	238.0	167.0	714.0	658.0	1193.0	-249.0	-669.0	-714.0	-144.0	-778.0	735.0	-93.0	1330.0	-287.0	-55.0	-331.0	612.0	-1048.0	34.0	-238.0	-92.0	1145.0	-672.0	234.0	1159.0	1318.0	-231.0	712.0	-154.0	-569.0	-83.0	905.0	180.0	834.0	-76.0	398.0	-361.0	74.0	-856.0	200.0	-296.0	83.0	291.0	477.0	-150.0	399.0	267.0	-308.0	317.0	21.0	-164.0	677.0	-852.0	-153.0	-716.0	-121.0	-12.0	332.0	515.0	754.0	-671.0	305.0	48.0	107.0	-601.0	-484.0	-448.0	-347.0	267.0	-597.0	633.0	500.0	108.0	-385.0	356.0	-405.0	-512.0	670.0	99.0	-63.0	893.0
-195.0	21.0	299.0	102.0	-71.0	1149.0	-133.0	-108.0	48.0	869.0	94.0	-173.0	-550.0	565.0	117.0	-597.0	20.0	-500.0	858.0	453.0	-500.0	-677.0	-16.0	381.0	8710.0	93.0	65.0	-412.0	456.0	936.0	-238.0	17.0	-135.0	367.0	133.0	397.0	355.0	-297.0	248.0	191.0	-354.0	-193.0	-544.0	199.0	-47.0	149.0	259.0	-642.0	580.0	133.0	72.0	-442.0	-759.0	339.0	20.0	-269.0	-710.0	-273.0	275.0	-739.0	434.0	48.0	-373.0	403.0	649.0	-470.0	379.0	-324.0	-208.0	-192.0	-725.0	-299.0	567.0	-399.0	-645.0	-752.0	-741.0	604.0	-27.0	460.0	-208.0	-318.0	359.0	577.0	-226.0	576.0	500.0	271.0	424.0	660.0	-734.0	-237.0	33.0	402.0	681.0	-268.0	-431.0	513.0	-50.0	9.0	16.0	-605.0	-207.0	73.0	-247.0	160.0	-457.0	-523.0	31.0	46.0	290.0	-907.0	-722.0	362.0	974.0	811.0	530.0	-27.0	1161.0	-71.0	-59.0	-898.0	-582.0	393.0	-106.0	-419.0	173.0	21.0	184.0	-356.0	-75.0	-819.0	1.0	-278.0	291.0	534.0	561.0	362.0	219.0	133.0	-149.0	-412.0	-358.0	-12.0	-514.0	-283.0	579.0	-437.0	567.0	-24.0	-320.0	601.0	985.0	-303.0	268.0	538.0	614.0	-26.0	-8.0	-197.0	-116.0	356.0	-983.0	-449.0	-182.0	435.0	269.0	-187.0	-367.0	208.0	377.0	679.0	155.0	1016.0	-749.0	-521.0	722.0	-315.0	1271.0	68.0	-186.0	136.0	-367.0	673.0	-945.0	-1278.0	181.0	-357.0	364.0	-466.0	-250.0	368.0	-583.0	107.0	586.0	-1298.0	584.0	-682.0	34.0	-21.0	-289.0	1237.0	-634.0	-45.0	-271.0	-80.0	334.0	843.0	-145.0	242.0	296.0	-98.0	557.0	9.0	-1065.0	571.0	-176.0	-14.0	939.0	582.0	1018.0	1143.0	461.0	-402.0	1082.0	602.0	-747.0	-693.0	616.0	413.0	-778.0	-994.0	-37.0	245.0	19.0	284.0	-410.0	477.0	941.0	-10.0	158.0	83.0	-63.0	-1074.0	111.0	-735.0	590.0	9.0	776.0	822.0
