8552.0	-427.0	550.0	417.0	185.0	1064.0	235.0	-534.0	-956.0	-662.0	649.0	238.0	103.0	-44.0	70.0	-266.0	-341.0	273.0	-723.0	-9.0	260.0	-212.0	143.0	-243.0	582.0	267.0	123.0	246.0	-134.0	161.0	-9.0	-234.0	-659.0	-672.0	-174.0	152.0	-31.0	-142.0	-723.0	-291.0	-210.0	-121.0	175.0	-255.0	35.0	684.0	-120.0	-334.0	248.0	-222.0	-570.0	-350.0	498.0	-87.0	-28.0	-766.0	-481.0	-651.0	57.0	859.0	54.0	214.0	461.0	277.0	117.0	-1020.0	671.0	654.0	-552.0	137.0	1271.0	-68.0	-443.0	347.0	-141.0	343.0	110.0	-304.0	-641.0	-37.0	-49.0	-603.0	74.0	-17.0	222.0	1069.0	-275.0	-472.0	-387.0	405.0	-562.0	-104.0	-496.0	470.0	-643.0	197.0	-344.0	153.0	-400.0	540.0	864.0	281.0	254.0	-169.0	-1210.0	-447.0	68.0	-407.0	191.0	563.0	584.0	359.0	1107.0	-688.0	35.0	-35.0	-191.0	-662.0	658.0	745.0	-224.0	31.0	-874.0	158.0	-598.0	-80.0	-359.0	691.0	-411.0	805.0	-380.0	-1116.0	697.0	85.0	917.0	103.0	-592.0	-86.0	-190.0	895.0	825.0	-18.0	-42.0	-765.0	373.0	-442.0	659.0	1570.0	-134.0	28.0	-462.0	-27.0	-58.0	-400.0	874.0	-753.0	-868.0	250.0	-107.0	540.0	-444.0	102.0	1544.0	396.0	-205.0	547.0	-348.0	-985.0	-851.0	805.0	136.0	808.0	423.0	43.0	-614.0	-62.0	-147.0	295.0	-566.0	-353.0	-514.0	882.0	-326.0	-273.0	-349.0	-282.0	143.0	171.0	-359.0	80.0	427.0	-561.0	54.0	-781.0	-43.0	35.0	-245.0	135.0	-315.0	-954.0	31.0	669.0	-184.0	-515.0	-610.0	-649.0	-519.0	-408.0	1182.0	-190.0	286.0	-471.0	473.0	-943.0	-109.0	-470.0	640.0	-836.0	649.0	67.0	292.0	243.0	-565.0	561.0	-776.0	-664.0	711.0	-89.0	-278.0	-154.0	528.0	348.0	-23.0	197.0	-267.0	397.0	-627.0	212.0	-569.0	389.0	76.0	-54.0	-324.0	76.0	325.0	510.0	91.0	-908.0	443.0	832.0
-427.0	7984.0	1037.0	255.0	750.0	-1128.0	-210.0	-175.0	239.0	-64.0	-130.0	139.0	-416.0	344.0	-482.0	234.0	253.0	-2.0	-53.0	-634.0	-1311.0	-357.0	552.0	292.0	568.0	-273.0	-125.0	-1.0	418.0	116.0	706.0	769.0	-142.0	45.0	-745.0	-662.0	-443.0	226.0	106.0	165.0	640.0	-265.0	656.0	-384.0	-431.0	439.0	-82.0	349.0	621.0	-563.0	-338.0	397.0	216.0	-370.0	1025.0	269.0	264.0	-6.0	304.0	356.0	-524.0	-334.0	-723.0	852.0	-612.0	-1038.0	461.0	-448.0	497.0	-648.0	189.0	-189.0	754.0	-75.0	633.0	-92.0	107.0	-368.0	162.0	369.0	239.0	-318.0	-220.0	-591.0	534.0	-1215.0	-324.0	967.0	454.0	-53.0	-351.0	-289.0	253.0	137.0	225.0	639.0	-487.0	-10.0	-716.0	495.0	304.0	110.0	-623.0	-37.0	1086.0	-50.0	75.0	321.0	-571.0	-308.0	-600.0	-714.0	118.0	-546.0	116.0	-425.0	504.0	-419.0	158.0	457.0	-730.0	-380.0	-943.0	2.0	1229.0	-11.0	-1128.0	92.0	219.0	42.0	120.0	-786.0	-87.0	-447.0	-65.0	611.0	-230.0	195.0	-481.0	251.0	374.0	-114.0	-709.0	-272.0	-379.0	273.0	-188.0	641.0	800.0	127.0	489.0	433.0	96.0	293.0	-450.0	492.0	358.0	-66.0	-88.0	-498.0	223.0	794.0	-620.0	548.0	-366.0	681.0	817.0	432.0	984.0	-398.0	500.0	363.0	75.0	544.0	-1051.0	-120.0	822.0	428.0	-493.0	-300.0	-311.0	-119.0	-410.0	266.0	-185.0	317.0	1542.0	-646.0	430.0	1082.0	-676.0	683.0	58.0	599.0	511.0	-320.0	-190.0	136.0	-300.0	-1027.0	141.0	712.0	-69.0	-168.0	121.0	563.0	-63.0	-174.0	-168.0	328.0	-980.0	-43.0	-487.0	-262.0	212.0	8.0	741.0	351.0	-352.0	-450.0	-440.0	-348.0	-63.0	602.0	-39.0	-68.0	-143.0	-1057.0	-152.0	436.0	-136.0	1052.0	-821.0	1035.0	880.0	-59.0	196.0	1597.0	286.0	243.0	45.0	-97.0	80.0	-1763.0	-656.0	-148.0	446.0	817.0	131.0	-773.0
550.0	1037.0	8503.0	-23.0	1162.0	-150.0	-387.0	64.0	269.0	-536.0	67.0	10.0	-405.0	-185.0	-35.0	263.0	204.0	236.0	-1139.0	114.0	852.0	-550.0	77.0	-51.0	-901.0	20.0	57.0	-6.0	-341.0	43.0	474.0	910.0	808.0	759.0	-214.0	-456.0	217.0	-84.0	-570.0	-784.0	-222.0	-347.0	-102.0	325.0	-347.0	-102.0	-618.0	451.0	-92.0	471.0	-537.0	550.0	379.0	74.0	-119.0	83.0	203.0	515.0	283.0	-146.0	366.0	911.0	738.0	1175.0	513.0	-259.0	-374.0	29.0	-174.0	-260.0	51.0	-145.0	-165.0	-393.0	347.0	1511.0	896.0	369.0	-240.0	1247.0	-410.0	1361.0	-112.0	185.0	231.0	-32.0	214.0	460.0	418.0	-149.0	-234.0	194.0	-397.0	-728.0	-101.0	-41.0	499.0	934.0	-1021.0	-530.0	58.0	-1084.0	-524.0	267.0	-701.0	293.0	-197.0	-596.0	319.0	-614.0	239.0	190.0	603.0	-86.0	-13.0	381.0	-441.0	-818.0	139.0	498.0	-1289.0	-330.0	-698.0	159.0	-723.0	60.0	-643.0	410.0	-627.0	-311.0	-754.0	281.0	-322.0	138.0	524.0	239.0	-638.0	-344.0	-394.0	879.0	-313.0	-486.0	-304.0	-573.0	-454.0	61.0	-182.0	211.0	964.0	-595.0	225.0	555.0	-88.0	-1021.0	144.0	-262.0	-413.0	372.0	1294.0	-262.0	206.0	1095.0	695.0	-517.0	106.0	-185.0	563.0	-26.0	-131.0	166.0	-79.0	-296.0	51.0	644.0	-1.0	-177.0	-331.0	220.0	322.0	328.0	243.0	104.0	313.0	-462.0	78.0	-1280.0	-50.0	397.0	-887.0	1329.0	39.0	-977.0	344.0	346.0	-121.0	-550.0	-141.0	180.0	106.0	-541.0	-566.0	-51.0	441.0	-90.0	390.0	-315.0	-1085.0	-734.0	-145.0	-32.0	-79.0	-139.0	-276.0	-894.0	-112.0	42.0	-247.0	-415.0	-951.0	107.0	-319.0	-1236.0	-26.0	48.0	-382.0	-116.0	39.0	255.0	156.0	757.0	490.0	-929.0	-1208.0	567.0	143.0	-313.0	-207.0	1270.0	90.0	368.0	-210.0	-433.0	-455.0	-1006.0	-815.0	512.0	-342.0	120.0	52.0	215.0
417.0	255.0	-23.0	7562.0	-204.0	-266.0	568.0	-699.0	72.0	502.0	-245.0	-229.0	-51.0	1046.0	-411.0	-630.0	-110.0	835.0	-951.0	3.0	21.0	417.0	887.0	-513.0	445.0	-59.0	-307.0	-902.0	903.0	521.0	-211.0	148.0	-889.0	-573.0	314.0	117.0	284.0	718.0	-123.0	-573.0	-203.0	-565.0	-564.0	565.0	14.0	292.0	877.0	-234.0	499.0	498.0	-482.0	132.0	-32.0	381.0	641.0	104.0	-336.0	316.0	323.0	385.0	159.0	-83.0	-109.0	857.0	-1043.0	815.0	103.0	-23.0	-468.0	403.0	469.0	301.0	141.0	-330.0	441.0	203.0	126.0	543.0	-285.0	-241.0	104.0	-260.0	-271.0	215.0	-568.0	862.0	190.0	86.0	73.0	-1055.0	-752.0	-515.0	-765.0	-242.0	1021.0	248.0	-426.0	265.0	149.0	-502.0	-660.0	597.0	-524.0	506.0	748.0	905.0	-242.0	-1104.0	-288.0	17.0	-146.0	575.0	96.0	363.0	1333.0	1014.0	586.0	594.0	602.0	515.0	435.0	195.0	-188.0	5.0	316.0	-319.0	-491.0	709.0	-168.0	146.0	186.0	-40.0	-295.0	-77.0	115.0	18.0	-527.0	-556.0	84.0	477.0	-532.0	-74.0	335.0	-996.0	80.0	-240.0	621.0	-395.0	398.0	301.0	-105.0	-304.0	-279.0	-885.0	-876.0	60.0	-210.0	-419.0	-1.0	771.0	16.0	-378.0	761.0	-30.0	-460.0	-338.0	-699.0	185.0	384.0	38.0	288.0	875.0	-110.0	269.0	207.0	576.0	824.0	1041.0	-763.0	1017.0	-578.0	966.0	-893.0	238.0	861.0	-699.0	972.0	-595.0	-291.0	-206.0	373.0	293.0	519.0	-132.0	461.0	466.0	1110.0	55.0	307.0	890.0	644.0	454.0	-1104.0	64.0	8.0	495.0	-644.0	-52.0	438.0	96.0	621.0	392.0	-130.0	338.0	304.0	-446.0	-473.0	458.0	-798.0	1251.0	256.0	96.0	-145.0	90.0	-978.0	188.0	-755.0	-465.0	-208.0	-35.0	64.0	673.0	329.0	-441.0	-285.0	111.0	-357.0	173.0	-350.0	46.0	349.0	-340.0	-175.0	-368.0	605.0	104.0	-53.0	-134.0	107.0	-451.0
185.0	750.0	1162.0	-204.0	8382.0	0.0	605.0	-217.0	930.0	509.0	412.0	431.0	-121.0	-137.0	-97.0	-599.0	381.0	532.0	371.0	-544.0	-407.0	-1470.0	-222.0	-1149.0	676.0	-57.0	-944.0	848.0	-1515.0	-196.0	-789.0	-66.0	88.0	-101.0	63.0	299.0	-378.0	-542.0	-92.0	316.0	-567.0	-243.0	832.0	-106.0	301.0	-596.0	-55.0	-322.0	-97.0	120.0	464.0	-521.0	-310.0	184.0	-240.0	-270.0	567.0	112.0	-269.0	-744.0	-1011.0	-219.0	-437.0	499.0	-65.0	267.0	-341.0	731.0	1086.0	-560.0	-89.0	-184.0	483.0	-450.0	-60.0	-322.0	351.0	-269.0	-34.0	1795.0	850.0	-861.0	3.0	-715.0	-174.0	44.0	620.0	265.0	231.0	-2.0	-107.0	-31.0	289.0	228.0	169.0	330.0	-948.0	-327.0	-816.0	441.0	241.0	-105.0	-131.0	50.0	-642.0	-856.0	390.0	993.0	-84.0	-156.0	380.0	-682.0	-273.0	-651.0	411.0	47.0	-774.0	-900.0	627.0	-503.0	65.0	243.0	-704.0	-4.0	844.0	-219.0	-334.0	862.0	588.0	-127.0	586.0	341.0	2.0	-59.0	-533.0	-151.0	-518.0	-422.0	365.0	-106.0	-863.0	-688.0	158.0	337.0	61.0	69.0	-122.0	-509.0	600.0	616.0	-138.0	886.0	516.0	-69.0	-1137.0	433.0	460.0	265.0	-418.0	312.0	572.0	-348.0	-1127.0	452.0	857.0	-109.0	364.0	61.0	-114.0	11.0	385.0	7.0	-342.0	637.0	624.0	428.0	555.0	257.0	-170.0	418.0	111.0	259.0	30.0	739.0	-278.0	170.0	516.0	172.0	918.0	758.0	763.0	690.0	-284.0	317.0	98.0	662.0	370.0	990.0	381.0	-688.0	-616.0	923.0	-910.0	491.0	459.0	27.0	-292.0	-897.0	507.0	411.0	-37.0	548.0	320.0	194.0	796.0	-594.0	-699.0	-535.0	1304.0	384.0	195.0	-634.0	152.0	-950.0	-563.0	508.0	622.0	-106.0	-631.0	-417.0	235.0	-318.0	-812.0	320.0	-740.0	-303.0	-981.0	-517.0	-69.0	-39.0	143.0	19.0	-647.0	-1027.0	-597.0	1243.0	-1492.0	-128.0	-572.0	701.0
1064.0	-1128.0	-150.0	-266.0	0.0	9328.0	140.0	-435.0	87.0	-230.0	-48.0	5.0	84.0	-758.0	-670.0	-239.0	201.0	345.0	-1040.0	952.0	-356.0	710.0	-514.0	895.0	1151.0	-259.0	-186.0	370.0	-852.0	-407.0	-524.0	-1232.0	-594.0	436.0	248.0	-186.0	801.0	735.0	15.0	-271.0	186.0	-234.0	324.0	383.0	211.0	-508.0	43.0	-540.0	926.0	-421.0	-92.0	-1367.0	-666.0	310.0	578.0	-436.0	975.0	84.0	-288.0	-540.0	-587.0	-158.0	-478.0	-471.0	-178.0	-445.0	-416.0	906.0	-195.0	-885.0	-773.0	40.0	-25.0	288.0	396.0	741.0	-674.0	-228.0	158.0	-556.0	179.0	383.0	296.0	-615.0	270.0	-565.0	446.0	617.0	-593.0	236.0	299.0	-165.0	429.0	226.0	-128.0	591.0	122.0	-643.0	-95.0	196.0	-180.0	-592.0	-655.0	-80.0	-304.0	-91.0	-239.0	-53.0	-110.0	375.0	296.0	-199.0	1126.0	1002.0	248.0	-143.0	-146.0	-322.0	-77.0	-422.0	121.0	1064.0	130.0	236.0	118.0	-462.0	-701.0	-468.0	531.0	-803.0	102.0	343.0	643.0	335.0	187.0	229.0	-827.0	75.0	243.0	-160.0	316.0	609.0	-355.0	189.0	610.0	-1452.0	-361.0	253.0	-18.0	53.0	356.0	343.0	635.0	195.0	122.0	-258.0	126.0	-417.0	188.0	-842.0	-708.0	-171.0	971.0	-563.0	-824.0	258.0	-1227.0	-418.0	391.0	696.0	266.0	108.0	-644.0	185.0	-645.0	613.0	-367.0	-547.0	905.0	-195.0	-525.0	-1061.0	-860.0	39.0	-119.0	-565.0	-1007.0	1203.0	534.0	-940.0	396.0	-209.0	90.0	-274.0	-84.0	-458.0	-348.0	-661.0	179.0	513.0	-510.0	-138.0	158.0	-130.0	-875.0	167.0	165.0	-201.0	45.0	76.0	1095.0	-768.0	-213.0	475.0	191.0	-625.0	263.0	-295.0	802.0	1106.0	649.0	-544.0	-160.0	425.0	-160.0	758.0	610.0	-106.0	225.0	-300.0	-905.0	343.0	-508.0	232.0	-203.0	1578.0	-449.0	-229.0	-1024.0	-558.0	-455.0	-577.0	-390.0	1209.0	1159.0	248.0	-162.0	495.0	-152.0	-248.0
235.0	-210.0	-387.0	568.0	605.0	140.0	7597.0	-93.0	-578.0	910.0	-134.0	-149.0	566.0	-472.0	-211.0	58.0	777.0	-317.0	-152.0	218.0	1554.0	-109.0	-496.0	-913.0	486.0	-391.0	253.0	749.0	249.0	-826.0	-154.0	-89.0	-31.0	-312.0	632.0	5.0	146.0	-354.0	-307.0	262.0	1411.0	717.0	-335.0	-379.0	405.0	382.0	-1131.0	-1.0	-62.0	23.0	-78.0	150.0	-80.0	-621.0	308.0	-523.0	-662.0	262.0	321.0	-1016.0	752.0	542.0	362.0	-669.0	-1114.0	541.0	-586.0	-689.0	-444.0	-407.0	415.0	499.0	41.0	-591.0	-866.0	-323.0	962.0	110.0	434.0	182.0	-400.0	-203.0	564.0	1085.0	-521.0	524.0	440.0	-195.0	65.0	214.0	-379.0	506.0	72.0	-292.0	723.0	-502.0	405.0	-141.0	335.0	25.0	-992.0	265.0	-935.0	924.0	62.0	-117.0	515.0	-88.0	228.0	-121.0	-345.0	309.0	234.0	322.0	482.0	-796.0	148.0	246.0	197.0	-395.0	359.0	275.0	-336.0	-282.0	-75.0	1558.0	283.0	24.0	277.0	-516.0	-177.0	-878.0	432.0	612.0	267.0	-140.0	635.0	-335.0	675.0	133.0	-955.0	-185.0	233.0	792.0	-480.0	-421.0	291.0	-421.0	-399.0	201.0	-700.0	746.0	-286.0	25.0	-983.0	-619.0	387.0	-564.0	-326.0	-952.0	-216.0	37.0	-583.0	-387.0	-50.0	-107.0	643.0	-464.0	-160.0	-375.0	269.0	-319.0	928.0	-320.0	-15.0	-789.0	-616.0	-273.0	-1330.0	-279.0	-579.0	-357.0	-113.0	620.0	-279.0	341.0	-2.0	-565.0	-81.0	-349.0	-106.0	-105.0	-78.0	51.0	-55.0	-170.0	423.0	-74.0	-373.0	-447.0	899.0	-213.0	2042.0	-367.0	-418.0	465.0	219.0	-368.0	-104.0	693.0	421.0	-641.0	-465.0	-775.0	418.0	491.0	312.0	531.0	-166.0	523.0	-65.0	779.0	429.0	379.0	-852.0	-292.0	636.0	-383.0	-25.0	-789.0	-684.0	559.0	-304.0	52.0	610.0	-97.0	-419.0	-778.0	79.0	-32.0	976.0	-99.0	-31.0	-374.0	718.0	253.0	-844.0	-155.0	-308.0	915.0
-534.0	-175.0	64.0	-699.0	-217.0	-435.0	-93.0	8274.0	-590.0	-864.0	-674.0	52.0	88.0	277.0	863.0	-274.0	20.0	-149.0	387.0	333.0	-362.0	402.0	-139.0	-874.0	-463.0	-269.0	200.0	-591.0	-311.0	288.0	996.0	-320.0	388.0	-576.0	7.0	-231.0	-610.0	373.0	142.0	-422.0	557.0	-160.0	298.0	-488.0	-216.0	-122.0	-157.0	-136.0	254.0	925.0	107.0	464.0	-200.0	76.0	-237.0	-178.0	139.0	-816.0	123.0	-807.0	298.0	1139.0	-1141.0	428.0	14.0	405.0	-102.0	-138.0	668.0	-42.0	-398.0	-457.0	-643.0	241.0	-252.0	-302.0	70.0	-113.0	-176.0	-85.0	284.0	725.0	457.0	-627.0	-161.0	-56.0	1332.0	80.0	160.0	998.0	-280.0	128.0	-4.0	-624.0	-269.0	-62.0	-293.0	432.0	65.0	311.0	42.0	605.0	-574.0	-298.0	-1240.0	-518.0	-77.0	218.0	323.0	940.0	1428.0	625.0	-883.0	-20.0	-132.0	-805.0	90.0	-107.0	890.0	-679.0	-44.0	38.0	-228.0	-218.0	-497.0	-354.0	-489.0	115.0	-679.0	-180.0	793.0	66.0	-456.0	-721.0	117.0	-336.0	650.0	449.0	607.0	561.0	743.0	187.0	-528.0	-282.0	-563.0	699.0	616.0	1171.0	-60.0	-617.0	-128.0	463.0	610.0	-238.0	-195.0	-900.0	-425.0	-214.0	959.0	-486.0	63.0	1017.0	-527.0	-367.0	-240.0	741.0	434.0	-8.0	-672.0	38.0	217.0	738.0	-378.0	-63.0	-283.0	-1239.0	-373.0	498.0	-702.0	164.0	-373.0	142.0	286.0	-205.0	-485.0	-170.0	-125.0	848.0	168.0	-90.0	388.0	-180.0	99.0	548.0	-134.0	-721.0	-320.0	-192.0	311.0	-748.0	-796.0	-799.0	73.0	803.0	-928.0	-860.0	-410.0	-452.0	-88.0	204.0	186.0	-144.0	-56.0	126.0	-171.0	1287.0	-384.0	364.0	-832.0	191.0	-200.0	174.0	-155.0	-330.0	-75.0	-565.0	-708.0	781.0	214.0	61.0	118.0	-152.0	71.0	-386.0	-250.0	318.0	196.0	59.0	-80.0	814.0	39.0	289.0	-1063.0	111.0	-771.0	850.0	-452.0	242.0	-1055.0	155.0
-956.0	239.0	269.0	72.0	930.0	87.0	-578.0	-590.0	8841.0	-182.0	554.0	262.0	-612.0	-33.0	-472.0	292.0	-463.0	-148.0	211.0	-548.0	-207.0	429.0	-675.0	-42.0	-790.0	481.0	-73.0	-223.0	-73.0	425.0	-72.0	235.0	-885.0	303.0	240.0	-910.0	1204.0	76.0	114.0	-400.0	-1009.0	-218.0	290.0	-120.0	-237.0	-319.0	-330.0	523.0	-237.0	-352.0	-841.0	606.0	-641.0	231.0	17.0	-254.0	340.0	166.0	-295.0	-488.0	104.0	-466.0	666.0	-457.0	-272.0	-57.0	-131.0	-873.0	-209.0	-783.0	-380.0	337.0	440.0	702.0	475.0	-82.0	112.0	-78.0	-86.0	649.0	280.0	-88.0	-634.0	206.0	362.0	-88.0	309.0	198.0	1022.0	-326.0	-165.0	-193.0	153.0	256.0	-368.0	460.0	416.0	-784.0	543.0	-192.0	308.0	-450.0	-152.0	-628.0	-363.0	-184.0	-347.0	224.0	-250.0	188.0	-424.0	-68.0	-745.0	197.0	477.0	-333.0	-578.0	-500.0	-287.0	711.0	271.0	-183.0	13.0	-455.0	311.0	501.0	-267.0	-203.0	752.0	-924.0	528.0	-154.0	-485.0	-105.0	1236.0	-584.0	-475.0	660.0	-1080.0	-273.0	60.0	85.0	50.0	-1080.0	-201.0	380.0	313.0	105.0	-433.0	437.0	95.0	-518.0	422.0	202.0	1017.0	1161.0	-220.0	544.0	55.0	477.0	371.0	-621.0	-51.0	169.0	315.0	228.0	-250.0	927.0	732.0	-39.0	102.0	758.0	-699.0	50.0	760.0	-92.0	1430.0	259.0	-176.0	215.0	-246.0	210.0	28.0	168.0	900.0	-582.0	-377.0	338.0	-128.0	293.0	-851.0	780.0	14.0	-273.0	-298.0	-424.0	204.0	1074.0	-488.0	415.0	-1028.0	163.0	-1267.0	-92.0	112.0	198.0	162.0	-413.0	-4.0	-606.0	486.0	51.0	5.0	-647.0	1014.0	-96.0	605.0	-649.0	-36.0	38.0	-689.0	-89.0	-7.0	-142.0	-131.0	-117.0	-252.0	600.0	-1099.0	459.0	-554.0	107.0	-644.0	299.0	-343.0	-1259.0	-406.0	-918.0	418.0	-428.0	-438.0	853.0	-439.0	789.0	-551.0	-638.0	-440.0	274.0	-700.0	105.0
-662.0	-64.0	-536.0	502.0	509.0	-230.0	910.0	-864.0	-182.0	8905.0	656.0	821.0	-417.0	-540.0	-684.0	-249.0	481.0	-491.0	737.0	-515.0	20.0	-41.0	-1144.0	-695.0	-479.0	319.0	-791.0	529.0	-34.0	225.0	-996.0	975.0	-1274.0	626.0	-839.0	-196.0	82.0	-218.0	-106.0	-385.0	107.0	-369.0	-695.0	507.0	580.0	-147.0	-336.0	-652.0	-416.0	-289.0	587.0	-127.0	476.0	54.0	92.0	-470.0	1227.0	-276.0	-179.0	-499.0	-494.0	-22.0	499.0	-677.0	847.0	530.0	-501.0	51.0	525.0	-36.0	241.0	313.0	-124.0	-608.0	243.0	155.0	671.0	-116.0	-171.0	-298.0	-718.0	-349.0	-557.0	971.0	-367.0	-36.0	72.0	313.0	711.0	-70.0	-29.0	431.0	-497.0	-61.0	569.0	663.0	-809.0	-441.0	-867.0	1014.0	-563.0	433.0	-383.0	768.0	53.0	-261.0	-29.0	-775.0	519.0	-1105.0	-45.0	84.0	-398.0	635.0	-843.0	-175.0	-334.0	481.0	-669.0	-289.0	-765.0	-654.0	-771.0	-264.0	532.0	370.0	-474.0	-41.0	463.0	-160.0	-441.0	-613.0	765.0	74.0	43.0	279.0	-97.0	-358.0	999.0	-502.0	-650.0	1052.0	-257.0	-55.0	-22.0	-896.0	1091.0	341.0	310.0	9.0	-643.0	-841.0	-1050.0	-778.0	-1154.0	171.0	679.0	46.0	575.0	-5.0	-361.0	264.0	-324.0	-430.0	777.0	499.0	-387.0	-691.0	383.0	-56.0	-653.0	-444.0	228.0	337.0	-199.0	-907.0	360.0	-250.0	41.0	981.0	19.0	139.0	-85.0	-4.0	665.0	-442.0	700.0	230.0	108.0	34.0	-314.0	-57.0	-296.0	798.0	-233.0	75.0	62.0	-279.0	310.0	-363.0	505.0	183.0	-411.0	-565.0	-871.0	240.0	629.0	-1077.0	-276.0	-76.0	458.0	-403.0	489.0	-284.0	-774.0	179.0	-807.0	333.0	85.0	275.0	-790.0	164.0	723.0	824.0	-998.0	-319.0	-112.0	140.0	322.0	103.0	150.0	205.0	506.0	477.0	194.0	-76.0	-158.0	-182.0	-257.0	-1295.0	-146.0	-561.0	503.0	-919.0	627.0	-947.0	-899.0	-320.0	-502.0	-66.0
649.0	-130.0	67.0	-245.0	412.0	-48.0	-134.0	-674.0	554.0	656.0	7761.0	261.0	132.0	-232.0	-156.0	-2.0	-138.0	847.0	-9.0	471.0	334.0	-330.0	-337.0	451.0	32.0	772.0	595.0	-231.0	1210.0	733.0	-936.0	-155.0	-14.0	-534.0	490.0	293.0	-288.0	-451.0	197.0	-333.0	-612.0	827.0	44.0	-967.0	-1139.0	-33.0	187.0	-301.0	222.0	-143.0	786.0	-271.0	-529.0	515.0	-473.0	85.0	976.0	439.0	-602.0	640.0	-236.0	190.0	-30.0	-57.0	-298.0	-155.0	529.0	244.0	-58.0	743.0	512.0	479.0	-411.0	926.0	133.0	1041.0	662.0	797.0	-520.0	928.0	124.0	526.0	-85.0	-200.0	581.0	-700.0	-88.0	151.0	453.0	282.0	-600.0	136.0	-247.0	-19.0	-593.0	-995.0	-303.0	-201.0	826.0	-26.0	-1153.0	-251.0	586.0	642.0	-148.0	-465.0	-856.0	-809.0	768.0	-680.0	-51.0	75.0	-89.0	-579.0	-70.0	540.0	-418.0	-49.0	-131.0	116.0	418.0	380.0	383.0	188.0	785.0	-280.0	96.0	-51.0	-301.0	157.0	-877.0	-385.0	-34.0	311.0	-621.0	-518.0	-321.0	82.0	621.0	-587.0	-185.0	-241.0	-344.0	-485.0	1068.0	-860.0	867.0	305.0	-449.0	-152.0	-79.0	255.0	257.0	-86.0	-99.0	337.0	748.0	-117.0	1236.0	471.0	-592.0	-777.0	1125.0	563.0	208.0	788.0	1223.0	2.0	125.0	384.0	-143.0	547.0	677.0	487.0	78.0	38.0	1018.0	-805.0	46.0	-116.0	183.0	-351.0	-301.0	-125.0	-176.0	-909.0	-219.0	32.0	-187.0	-395.0	66.0	-214.0	-61.0	-169.0	-249.0	-922.0	-345.0	584.0	469.0	-856.0	-120.0	-500.0	234.0	320.0	-961.0	19.0	-779.0	108.0	-261.0	-809.0	116.0	1091.0	-276.0	28.0	149.0	-301.0	-1054.0	-496.0	452.0	143.0	-817.0	62.0	-717.0	387.0	-19.0	915.0	287.0	163.0	634.0	409.0	-153.0	183.0	862.0	-101.0	197.0	-1264.0	-536.0	-102.0	705.0	-887.0	992.0	147.0	423.0	-568.0	896.0	1520.0	-189.0	229.0	68.0	-810.0
238.0	139.0	10.0	-229.0	431.0	5.0	-149.0	52.0	262.0	821.0	261.0	8395.0	-50.0	226.0	-291.0	-405.0	-502.0	102.0	494.0	440.0	-9.0	-455.0	-234.0	9.0	202.0	-952.0	84.0	374.0	194.0	1232.0	615.0	285.0	-599.0	-548.0	-444.0	399.0	-683.0	534.0	98.0	163.0	-32.0	-552.0	432.0	-1518.0	-607.0	179.0	110.0	-253.0	-18.0	-26.0	-601.0	-347.0	309.0	350.0	907.0	-255.0	1198.0	-938.0	-459.0	-419.0	-332.0	491.0	149.0	128.0	886.0	461.0	-57.0	-19.0	436.0	-23.0	168.0	731.0	239.0	-13.0	651.0	-707.0	255.0	206.0	972.0	-571.0	-346.0	296.0	49.0	-821.0	-72.0	-353.0	-803.0	756.0	-730.0	-145.0	-297.0	62.0	15.0	-149.0	-422.0	-247.0	-308.0	56.0	1069.0	91.0	265.0	-722.0	457.0	-59.0	169.0	81.0	-17.0	-204.0	344.0	288.0	177.0	-217.0	96.0	39.0	-723.0	223.0	-7.0	683.0	341.0	141.0	-197.0	629.0	621.0	-161.0	97.0	-549.0	113.0	-1044.0	548.0	59.0	189.0	-371.0	-92.0	335.0	-216.0	400.0	-535.0	392.0	321.0	-313.0	-444.0	551.0	-1025.0	-248.0	107.0	-657.0	-503.0	194.0	-876.0	-153.0	415.0	391.0	-69.0	516.0	678.0	69.0	298.0	1153.0	696.0	-816.0	163.0	143.0	-110.0	-383.0	1325.0	489.0	-419.0	22.0	-525.0	398.0	-370.0	-496.0	747.0	457.0	-72.0	-823.0	-244.0	62.0	509.0	41.0	525.0	-40.0	-671.0	-294.0	671.0	-145.0	-586.0	-277.0	-998.0	-74.0	-243.0	-480.0	-231.0	1537.0	324.0	504.0	-377.0	-329.0	731.0	-214.0	27.0	581.0	954.0	34.0	135.0	483.0	1036.0	-1178.0	349.0	-438.0	293.0	-429.0	852.0	-269.0	-281.0	276.0	63.0	-214.0	831.0	1109.0	-239.0	643.0	-153.0	365.0	-1727.0	-744.0	-577.0	-703.0	-579.0	335.0	-655.0	466.0	81.0	809.0	-227.0	-585.0	-228.0	-203.0	147.0	623.0	-153.0	627.0	939.0	-140.0	849.0	207.0	4.0	685.0	-599.0	161.0
103.0	-416.0	-405.0	-51.0	-121.0	84.0	566.0	88.0	-612.0	-417.0	132.0	-50.0	8050.0	797.0	-1025.0	-910.0	-501.0	119.0	-258.0	-449.0	395.0	-147.0	-228.0	863.0	490.0	-698.0	368.0	10.0	236.0	294.0	-261.0	-443.0	537.0	613.0	534.0	690.0	-479.0	107.0	-250.0	467.0	-42.0	-364.0	-881.0	-235.0	332.0	-8.0	58.0	135.0	611.0	486.0	-390.0	386.0	318.0	-154.0	-569.0	-488.0	-190.0	737.0	228.0	-519.0	-586.0	-15.0	-662.0	29.0	-813.0	188.0	260.0	523.0	-782.0	439.0	137.0	-512.0	-126.0	-526.0	-1218.0	363.0	173.0	-439.0	-79.0	-406.0	-448.0	656.0	-453.0	308.0	-705.0	200.0	997.0	-187.0	645.0	-497.0	848.0	404.0	-62.0	-271.0	-25.0	-268.0	136.0	-961.0	-127.0	-228.0	-36.0	-206.0	-405.0	-946.0	-282.0	-1019.0	-275.0	-1162.0	-205.0	43.0	420.0	293.0	438.0	652.0	829.0	470.0	-264.0	874.0	-94.0	-555.0	345.0	977.0	490.0	-185.0	21.0	-278.0	621.0	70.0	13.0	-587.0	-758.0	-569.0	-252.0	989.0	-467.0	708.0	1452.0	-470.0	7.0	523.0	8.0	593.0	-210.0	65.0	-138.0	476.0	1092.0	-1228.0	-206.0	318.0	67.0	-391.0	750.0	-72.0	1297.0	-1017.0	-464.0	-213.0	-554.0	-389.0	-659.0	-454.0	428.0	-627.0	-594.0	-280.0	-123.0	-171.0	297.0	-342.0	359.0	109.0	104.0	-361.0	-461.0	43.0	727.0	-258.0	-146.0	-392.0	-476.0	-3.0	322.0	-473.0	551.0	348.0	-49.0	-291.0	-508.0	-934.0	-639.0	-360.0	-289.0	-718.0	-828.0	-723.0	-484.0	180.0	153.0	228.0	497.0	-219.0	886.0	617.0	706.0	12.0	-2.0	617.0	-7.0	-63.0	-381.0	-1144.0	190.0	52.0	992.0	-255.0	426.0	415.0	353.0	489.0	110.0	-562.0	-90.0	109.0	-409.0	-572.0	369.0	-549.0	-551.0	-459.0	-122.0	368.0	244.0	-584.0	-869.0	-129.0	-737.0	-325.0	-34.0	-300.0	581.0	407.0	546.0	15.0	301.0	954.0	-243.0	-799.0	111.0	385.0
-44.0	344.0	-185.0	1046.0	-137.0	-758.0	-472.0	277.0	-33.0	-540.0	-232.0	226.0	797.0	8359.0	-234.0	-1.0	-591.0	-17.0	57.0	-1190.0	-469.0	-801.0	1071.0	246.0	297.0	433.0	606.0	151.0	65.0	-516.0	125.0	-249.0	-276.0	376.0	-683.0	482.0	-133.0	-1016.0	-242.0	462.0	-925.0	294.0	-320.0	32.0	-618.0	231.0	194.0	773.0	151.0	264.0	647.0	-413.0	-22.0	-812.0	-502.0	601.0	-592.0	142.0	165.0	656.0	-411.0	-384.0	183.0	1176.0	-363.0	-734.0	305.0	-478.0	-292.0	149.0	732.0	-503.0	234.0	530.0	-107.0	-167.0	-789.0	722.0	243.0	-263.0	-289.0	-82.0	278.0	-562.0	-49.0	-13.0	-80.0	-159.0	341.0	391.0	120.0	530.0	-407.0	31.0	123.0	26.0	569.0	463.0	-387.0	18.0	-325.0	-231.0	646.0	-664.0	1211.0	-47.0	180.0	-813.0	-503.0	650.0	-282.0	-234.0	143.0	-943.0	642.0	330.0	410.0	1029.0	713.0	610.0	315.0	-156.0	-237.0	1241.0	271.0	467.0	10.0	750.0	-793.0	566.0	451.0	163.0	-640.0	-432.0	-429.0	-110.0	-213.0	-194.0	-497.0	162.0	-785.0	299.0	780.0	162.0	80.0	823.0	78.0	249.0	-306.0	954.0	-529.0	-255.0	379.0	-1041.0	1007.0	204.0	397.0	1046.0	58.0	-1078.0	558.0	791.0	-333.0	606.0	-985.0	-370.0	369.0	-262.0	-173.0	506.0	12.0	8.0	-209.0	396.0	-648.0	637.0	412.0	640.0	-130.0	43.0	981.0	90.0	703.0	47.0	660.0	655.0	249.0	-341.0	-229.0	-612.0	-726.0	950.0	-260.0	238.0	193.0	-751.0	729.0	117.0	-328.0	418.0	561.0	623.0	-962.0	601.0	368.0	72.0	-1051.0	726.0	-633.0	155.0	-82.0	288.0	-143.0	-157.0	-235.0	254.0	-300.0	806.0	-8.0	183.0	679.0	-1028.0	359.0	-110.0	-1082.0	197.0	-420.0	-532.0	1048.0	235.0	53.0	761.0	882.0	-430.0	-166.0	-386.0	140.0	-88.0	67.0	-551.0	606.0	-223.0	-543.0	58.0	158.0	1418.0	-464.0	472.0	41.0	-28.0
70.0	-482.0	-35.0	-411.0	-97.0	-670.0	-211.0	863.0	-472.0	-684.0	-156.0	-291.0	-1025.0	-234.0	8221.0	492.0	410.0	-512.0	-451.0	-759.0	325.0	-467.0	537.0	-999.0	453.0	678.0	-100.0	-31.0	-575.0	-660.0	-644.0	-1201.0	809.0	238.0	514.0	525.0	-1.0	711.0	-108.0	230.0	-235.0	541.0	-815.0	334.0	318.0	-387.0	269.0	1202.0	-218.0	161.0	868.0	99.0	-360.0	309.0	-352.0	-988.0	-367.0	-55.0	202.0	-520.0	-626.0	-105.0	350.0	73.0	471.0	11.0	527.0	-231.0	322.0	594.0	-152.0	194.0	393.0	479.0	603.0	-246.0	81.0	-581.0	101.0	57.0	17.0	-360.0	-148.0	-462.0	-240.0	138.0	136.0	-190.0	-1116.0	567.0	-140.0	-15.0	353.0	-360.0	395.0	-259.0	-79.0	668.0	-825.0	-310.0	-73.0	932.0	12.0	-156.0	293.0	114.0	571.0	634.0	-361.0	-318.0	-186.0	166.0	-89.0	-842.0	-273.0	145.0	-158.0	-518.0	759.0	-944.0	-761.0	144.0	-746.0	932.0	-568.0	-654.0	-644.0	-313.0	390.0	-134.0	362.0	949.0	-457.0	169.0	-39.0	-567.0	-150.0	-226.0	-665.0	3.0	118.0	-748.0	-532.0	-120.0	585.0	374.0	210.0	361.0	369.0	-522.0	63.0	860.0	-600.0	-144.0	-372.0	318.0	552.0	142.0	775.0	157.0	-318.0	13.0	9.0	290.0	699.0	323.0	-349.0	-292.0	-385.0	-364.0	1133.0	-157.0	657.0	622.0	191.0	-620.0	-379.0	1150.0	211.0	14.0	-196.0	1094.0	-537.0	163.0	-505.0	-530.0	183.0	59.0	210.0	-668.0	561.0	538.0	141.0	152.0	-218.0	155.0	-34.0	118.0	1319.0	470.0	-114.0	-318.0	777.0	151.0	-764.0	-526.0	198.0	-234.0	1375.0	-5.0	-327.0	-532.0	-495.0	959.0	-409.0	142.0	112.0	603.0	62.0	130.0	38.0	334.0	-587.0	-339.0	597.0	770.0	-770.0	172.0	232.0	-1575.0	705.0	-443.0	160.0	-919.0	-626.0	493.0	-160.0	904.0	-115.0	-554.0	464.0	-154.0	229.0	703.0	-564.0	-94.0	381.0	-611.0	806.0	-565.0
-266.0	234.0	263.0	-630.0	-599.0	-239.0	58.0	-274.0	292.0	-249.0	-2.0	-405.0	-910.0	-1.0	492.0	7743.0	-99.0	689.0	-168.0	351.0	433.0	623.0	446.0	-626.0	-812.0	447.0	232.0	407.0	-406.0	-156.0	73.0	-383.0	341.0	318.0	42.0	76.0	729.0	-322.0	244.0	421.0	-389.0	869.0	875.0	-42.0	581.0	36.0	-504.0	949.0	-73.0	188.0	191.0	-668.0	-113.0	331.0	657.0	591.0	-521.0	-520.0	189.0	146.0	288.0	921.0	94.0	-101.0	584.0	187.0	-341.0	79.0	-112.0	-349.0	219.0	676.0	114.0	-80.0	811.0	-771.0	-1232.0	-234.0	-418.0	508.0	-773.0	681.0	472.0	-439.0	884.0	-237.0	-286.0	418.0	467.0	-308.0	240.0	-30.0	-976.0	437.0	-13.0	-415.0	-231.0	495.0	-219.0	-516.0	-308.0	-386.0	342.0	-1063.0	1103.0	-277.0	124.0	608.0	182.0	25.0	-704.0	-913.0	270.0	-909.0	-834.0	378.0	928.0	-250.0	304.0	-347.0	-566.0	-106.0	183.0	204.0	-700.0	979.0	136.0	-557.0	-30.0	-620.0	184.0	227.0	-496.0	188.0	-290.0	266.0	285.0	-180.0	-726.0	-170.0	-1137.0	-443.0	-869.0	331.0	487.0	-542.0	313.0	264.0	-138.0	937.0	33.0	29.0	-359.0	827.0	-107.0	283.0	675.0	801.0	607.0	-157.0	-38.0	494.0	319.0	8.0	-45.0	-28.0	406.0	75.0	-132.0	565.0	-201.0	428.0	-76.0	516.0	-619.0	453.0	-491.0	1520.0	-464.0	259.0	197.0	1.0	-479.0	272.0	-253.0	-224.0	-349.0	-206.0	1060.0	766.0	103.0	476.0	-230.0	531.0	-221.0	361.0	113.0	230.0	-592.0	-723.0	175.0	-356.0	-213.0	835.0	33.0	145.0	-393.0	269.0	83.0	328.0	307.0	-71.0	-1092.0	11.0	-367.0	319.0	-759.0	4.0	-300.0	-15.0	557.0	893.0	543.0	124.0	394.0	43.0	-117.0	198.0	755.0	-760.0	-716.0	-65.0	-748.0	146.0	1139.0	-273.0	-267.0	-240.0	-428.0	-95.0	487.0	191.0	-554.0	-289.0	-727.0	-1194.0	115.0	445.0	489.0	-67.0
-341.0	253.0	204.0	-110.0	381.0	201.0	777.0	20.0	-463.0	481.0	-138.0	-502.0	-501.0	-591.0	410.0	-99.0	8939.0	109.0	153.0	40.0	-17.0	-1037.0	-216.0	-46.0	196.0	-77.0	-614.0	404.0	-657.0	131.0	240.0	-144.0	-145.0	-873.0	-186.0	107.0	-939.0	-1038.0	649.0	483.0	-140.0	405.0	405.0	8.0	-1133.0	-96.0	-254.0	584.0	504.0	936.0	-583.0	-168.0	-162.0	448.0	183.0	-373.0	-295.0	-407.0	206.0	-919.0	604.0	-145.0	-405.0	563.0	-251.0	-212.0	506.0	542.0	623.0	304.0	486.0	724.0	315.0	-445.0	325.0	-59.0	242.0	-230.0	380.0	292.0	553.0	-1124.0	23.0	-890.0	458.0	-103.0	106.0	-101.0	-353.0	440.0	-0.0	-688.0	387.0	-174.0	615.0	11.0	-619.0	1139.0	-281.0	431.0	-218.0	90.0	-736.0	799.0	584.0	-58.0	-523.0	-138.0	-82.0	43.0	468.0	-98.0	167.0	525.0	92.0	87.0	-241.0	-661.0	820.0	-239.0	218.0	-654.0	759.0	646.0	537.0	1139.0	399.0	164.0	594.0	367.0	243.0	494.0	109.0	-49.0	328.0	135.0	426.0	530.0	399.0	-1463.0	-380.0	-1076.0	-75.0	-264.0	-215.0	-80.0	-525.0	106.0	141.0	461.0	-50.0	39.0	596.0	168.0	-1337.0	-593.0	-957.0	-252.0	666.0	118.0	-2.0	-412.0	-271.0	896.0	447.0	56.0	-603.0	-255.0	-730.0	14.0	628.0	468.0	403.0	-164.0	649.0	507.0	86.0	9.0	-412.0	-312.0	-879.0	1048.0	-370.0	-505.0	-364.0	227.0	-781.0	-172.0	315.0	48.0	911.0	-253.0	-620.0	408.0	370.0	-143.0	-0.0	-1366.0	1058.0	159.0	41.0	828.0	586.0	-520.0	-702.0	0.0	-19.0	-455.0	-48.0	447.0	-159.0	-485.0	-1374.0	291.0	-50.0	-229.0	353.0	836.0	589.0	-506.0	857.0	-198.0	26.0	-259.0	-245.0	492.0	-373.0	857.0	309.0	-534.0	-356.0	-134.0	-398.0	577.0	383.0	443.0	1128.0	-134.0	-569.0	-388.0	1562.0	240.0	-39.0	348.0	-521.0	-526.0	396.0	-222.0	638.0	-627.0
273.0	-2.0	236.0	835.0	532.0	345.0	-317.0	-149.0	-148.0	-491.0	847.0	102.0	119.0	-17.0	-512.0	689.0	109.0	7709.0	186.0	-429.0	-244.0	328.0	-557.0	-259.0	-156.0	-238.0	634.0	-254.0	-496.0	510.0	1127.0	-954.0	-1108.0	-647.0	1685.0	49.0	-1212.0	677.0	57.0	-322.0	-462.0	-263.0	-148.0	307.0	-211.0	457.0	291.0	260.0	272.0	644.0	-689.0	-142.0	200.0	413.0	165.0	-421.0	68.0	-242.0	1000.0	-189.0	-94.0	120.0	643.0	650.0	295.0	74.0	-335.0	827.0	209.0	544.0	479.0	-223.0	-1307.0	201.0	161.0	450.0	628.0	-320.0	-577.0	1233.0	-834.0	-188.0	735.0	-673.0	-650.0	363.0	-1058.0	731.0	259.0	-95.0	232.0	457.0	285.0	-199.0	107.0	262.0	433.0	820.0	382.0	258.0	-415.0	469.0	-435.0	-683.0	-718.0	332.0	-570.0	348.0	-225.0	-228.0	758.0	-750.0	579.0	-122.0	570.0	941.0	-1358.0	633.0	406.0	-254.0	527.0	-47.0	235.0	-174.0	229.0	-530.0	193.0	-860.0	-125.0	605.0	-791.0	447.0	-828.0	295.0	-394.0	-629.0	-568.0	45.0	-183.0	452.0	-159.0	466.0	128.0	-785.0	391.0	-1221.0	87.0	-44.0	432.0	581.0	894.0	371.0	670.0	385.0	284.0	-249.0	-907.0	-342.0	620.0	-106.0	-857.0	-603.0	144.0	946.0	-124.0	706.0	-669.0	839.0	267.0	-1008.0	-626.0	270.0	210.0	-538.0	35.0	360.0	-614.0	-476.0	308.0	-127.0	-307.0	540.0	-7.0	-755.0	103.0	304.0	413.0	-115.0	170.0	768.0	95.0	161.0	-822.0	190.0	653.0	549.0	902.0	-308.0	-1047.0	373.0	450.0	1219.0	-526.0	-312.0	701.0	744.0	-584.0	898.0	731.0	189.0	-229.0	94.0	10.0	444.0	211.0	325.0	-542.0	-272.0	-297.0	-40.0	853.0	-14.0	-1363.0	-47.0	-76.0	-29.0	-359.0	-0.0	-371.0	149.0	143.0	233.0	-227.0	-352.0	1032.0	792.0	-42.0	223.0	15.0	71.0	797.0	-781.0	-195.0	-247.0	-76.0	164.0	40.0	-50.0	-230.0	-401.0
-723.0	-53.0	-1139.0	-951.0	371.0	-1040.0	-152.0	387.0	211.0	737.0	-9.0	494.0	-258.0	57.0	-451.0	-168.0	153.0	186.0	8516.0	79.0	-236.0	743.0	-13.0	-583.0	-495.0	-714.0	-815.0	-512.0	-628.0	408.0	295.0	-68.0	-438.0	20.0	422.0	5.0	-180.0	569.0	-296.0	850.0	686.0	675.0	1477.0	-267.0	-748.0	16.0	376.0	-301.0	-1258.0	220.0	858.0	413.0	189.0	-208.0	-629.0	-314.0	1047.0	-47.0	171.0	353.0	-83.0	-108.0	-342.0	-209.0	407.0	-45.0	-665.0	-1162.0	172.0	236.0	891.0	205.0	-660.0	-71.0	-417.0	-36.0	-102.0	-244.0	329.0	483.0	-325.0	-64.0	213.0	93.0	593.0	-66.0	-241.0	171.0	408.0	503.0	669.0	642.0	25.0	-33.0	-725.0	-252.0	306.0	-532.0	-468.0	1261.0	-343.0	213.0	178.0	144.0	615.0	-1267.0	173.0	-20.0	-261.0	-740.0	-533.0	-77.0	-549.0	238.0	-244.0	263.0	40.0	972.0	-171.0	879.0	210.0	1030.0	488.0	1507.0	608.0	-537.0	-119.0	584.0	603.0	401.0	841.0	172.0	-505.0	55.0	-653.0	-241.0	248.0	-1001.0	49.0	-300.0	-414.0	2.0	-343.0	-359.0	-257.0	-630.0	-50.0	-389.0	-43.0	-385.0	567.0	-977.0	-203.0	-39.0	678.0	522.0	216.0	825.0	-689.0	-934.0	-58.0	-234.0	-864.0	1361.0	1480.0	-456.0	-266.0	885.0	612.0	-209.0	-454.0	-1007.0	-206.0	675.0	-455.0	-522.0	861.0	46.0	-459.0	202.0	651.0	-434.0	124.0	639.0	144.0	1097.0	715.0	842.0	-322.0	-144.0	770.0	992.0	-419.0	144.0	-369.0	183.0	337.0	-1160.0	234.0	-824.0	169.0	1133.0	-130.0	-176.0	8.0	32.0	-178.0	285.0	-960.0	384.0	-439.0	-6.0	-30.0	322.0	664.0	457.0	-797.0	-169.0	-137.0	-230.0	-253.0	306.0	-179.0	133.0	-578.0	-1043.0	-570.0	370.0	-292.0	-361.0	320.0	-492.0	-33.0	-182.0	-267.0	-596.0	213.0	-1015.0	24.0	306.0	233.0	503.0	441.0	-451.0	-933.0	-254.0	267.0	-744.0	726.0	-358.0
-9.0	-634.0	114.0	3.0	-544.0	952.0	218.0	333.0	-548.0	-515.0	471.0	440.0	-449.0	-1190.0	-759.0	351.0	40.0	-429.0	79.0	8025.0	734.0	-193.0	171.0	-25.0	391.0	743.0	987.0	-172.0	-133.0	528.0	-136.0	-9.0	125.0	109.0	492.0	-164.0	425.0	148.0	-21.0	-505.0	200.0	-487.0	-266.0	494.0	-409.0	-930.0	-338.0	-263.0	308.0	437.0	176.0	308.0	-470.0	175.0	60.0	94.0	96.0	983.0	247.0	640.0	523.0	1539.0	-624.0	-229.0	-566.0	-543.0	-901.0	9.0	901.0	587.0	-769.0	413.0	-945.0	-87.0	345.0	-257.0	-717.0	-201.0	67.0	-403.0	-79.0	-215.0	600.0	-652.0	1054.0	-857.0	194.0	45.0	-1020.0	-924.0	-383.0	398.0	210.0	-18.0	-17.0	-463.0	39.0	778.0	235.0	-187.0	835.0	-760.0	844.0	629.0	304.0	307.0	-251.0	312.0	621.0	-138.0	1036.0	-270.0	81.0	359.0	-342.0	357.0	-682.0	404.0	737.0	231.0	331.0	327.0	230.0	-212.0	-561.0	-650.0	587.0	-166.0	-3.0	766.0	-697.0	-455.0	332.0	-334.0	214.0	-244.0	-613.0	-208.0	391.0	-324.0	879.0	130.0	1194.0	-211.0	-276.0	-239.0	-191.0	-338.0	-9.0	-207.0	696.0	427.0	44.0	-139.0	-732.0	-145.0	-233.0	781.0	-28.0	141.0	-158.0	494.0	139.0	-1355.0	418.0	286.0	-69.0	-800.0	-17.0	-574.0	-354.0	-590.0	259.0	-41.0	-192.0	340.0	22.0	-753.0	8.0	593.0	32.0	-239.0	-778.0	516.0	-340.0	437.0	-379.0	563.0	-333.0	-53.0	168.0	85.0	-180.0	-377.0	757.0	-154.0	299.0	278.0	-20.0	413.0	-226.0	-361.0	-259.0	-152.0	-681.0	-674.0	237.0	-60.0	-494.0	233.0	165.0	215.0	-160.0	863.0	-502.0	269.0	-382.0	-370.0	344.0	-498.0	241.0	-846.0	870.0	224.0	-447.0	257.0	-242.0	-175.0	-1228.0	-228.0	-167.0	-646.0	495.0	159.0	88.0	-475.0	-609.0	128.0	-469.0	80.0	-226.0	432.0	-403.0	552.0	1518.0	-433.0	-671.0	221.0	55.0	267.0
260.0	-1311.0	852.0	21.0	-407.0	-356.0	1554.0	-362.0	-207.0	20.0	334.0	-9.0	395.0	-469.0	325.0	433.0	-17.0	-244.0	-236.0	734.0	7953.0	-92.0	-63.0	-210.0	131.0	54.0	-132.0	1169.0	-359.0	-129.0	-46.0	-228.0	745.0	378.0	-187.0	564.0	-626.0	-370.0	-58.0	-113.0	-742.0	487.0	-362.0	79.0	576.0	203.0	-361.0	925.0	-213.0	661.0	-207.0	501.0	-336.0	-1277.0	-704.0	-657.0	343.0	354.0	751.0	385.0	1398.0	104.0	362.0	-505.0	-89.0	-21.0	-1172.0	36.0	529.0	-140.0	315.0	409.0	67.0	263.0	426.0	352.0	1099.0	611.0	-378.0	-56.0	43.0	698.0	575.0	1026.0	-334.0	-759.0	216.0	-509.0	1393.0	-699.0	-367.0	930.0	-5.0	33.0	-34.0	-131.0	404.0	-13.0	630.0	570.0	357.0	-166.0	-230.0	91.0	-47.0	-74.0	13.0	-35.0	-136.0	-123.0	-538.0	635.0	65.0	-222.0	660.0	402.0	1334.0	469.0	-68.0	172.0	120.0	-18.0	-8.0	-24.0	-316.0	1118.0	483.0	-1307.0	-606.0	736.0	57.0	568.0	-864.0	461.0	351.0	753.0	614.0	163.0	-173.0	-215.0	213.0	-628.0	1026.0	-508.0	687.0	-391.0	-429.0	459.0	-302.0	-516.0	-219.0	664.0	-478.0	-456.0	599.0	-577.0	413.0	-373.0	-61.0	-516.0	-71.0	-736.0	235.0	-69.0	867.0	90.0	97.0	-295.0	-171.0	-1182.0	-45.0	403.0	414.0	582.0	143.0	-322.0	121.0	-335.0	-295.0	122.0	318.0	-309.0	-68.0	-496.0	853.0	560.0	-686.0	633.0	-309.0	135.0	44.0	806.0	-314.0	-445.0	-348.0	-398.0	-84.0	288.0	-238.0	120.0	89.0	298.0	555.0	-450.0	-166.0	-382.0	1182.0	-100.0	49.0	626.0	-598.0	-75.0	263.0	-225.0	99.0	381.0	-239.0	-540.0	1135.0	-471.0	848.0	13.0	855.0	508.0	-653.0	-13.0	-457.0	528.0	389.0	321.0	375.0	-423.0	-521.0	-237.0	-542.0	2.0	124.0	-1698.0	38.0	691.0	-217.0	837.0	920.0	217.0	709.0	-289.0	-742.0	-120.0	24.0	93.0
-212.0	-357.0	-550.0	417.0	-1470.0	710.0	-109.0	402.0	429.0	-41.0	-330.0	-455.0	-147.0	-801.0	-467.0	623.0	-1037.0	328.0	743.0	-193.0	-92.0	8908.0	-139.0	-374.0	-490.0	-530.0	-130.0	-106.0	-280.0	786.0	-265.0	-637.0	442.0	-227.0	311.0	-601.0	306.0	807.0	-693.0	82.0	749.0	340.0	-374.0	4.0	155.0	52.0	-174.0	-999.0	-61.0	-181.0	-720.0	-248.0	-685.0	182.0	598.0	68.0	-19.0	-592.0	-790.0	686.0	721.0	411.0	528.0	-439.0	496.0	-393.0	292.0	355.0	-1237.0	592.0	-572.0	256.0	130.0	233.0	-669.0	331.0	729.0	-633.0	-1229.0	-129.0	875.0	310.0	-68.0	285.0	153.0	932.0	-268.0	98.0	-127.0	-101.0	527.0	-221.0	-1184.0	224.0	292.0	82.0	-335.0	-337.0	-5.0	-275.0	-778.0	-57.0	488.0	-12.0	238.0	484.0	-260.0	-226.0	-142.0	-471.0	-625.0	-206.0	-464.0	614.0	-76.0	-401.0	271.0	-899.0	-857.0	32.0	-415.0	423.0	249.0	452.0	297.0	-49.0	818.0	-203.0	333.0	622.0	-61.0	102.0	-214.0	-659.0	-85.0	230.0	-1588.0	-224.0	-295.0	-351.0	-446.0	-521.0	-494.0	-174.0	-94.0	-295.0	527.0	278.0	323.0	296.0	-543.0	532.0	208.0	-287.0	-302.0	438.0	340.0	569.0	-819.0	-886.0	-64.0	-295.0	425.0	252.0	-526.0	206.0	-1091.0	779.0	94.0	664.0	-113.0	666.0	-315.0	196.0	244.0	-927.0	-717.0	-178.0	7.0	857.0	-528.0	669.0	-26.0	728.0	-546.0	-553.0	329.0	-568.0	391.0	-528.0	466.0	541.0	-422.0	-277.0	211.0	339.0	-279.0	-660.0	-359.0	845.0	-468.0	-452.0	-765.0	132.0	278.0	464.0	409.0	117.0	-229.0	200.0	-555.0	140.0	-103.0	483.0	571.0	-657.0	-1039.0	325.0	229.0	26.0	320.0	-314.0	-131.0	366.0	-78.0	-602.0	471.0	-31.0	534.0	-667.0	-492.0	140.0	-534.0	-276.0	-13.0	-553.0	361.0	-697.0	-735.0	618.0	172.0	1157.0	-283.0	1353.0	-802.0	-403.0	544.0	-345.0	-702.0	147.0
143.0	552.0	77.0	887.0	-222.0	-514.0	-496.0	-139.0	-675.0	-1144.0	-337.0	-234.0	-228.0	1071.0	537.0	446.0	-216.0	-557.0	-13.0	171.0	-63.0	-139.0	7535.0	-685.0	-60.0	235.0	-789.0	-170.0	-42.0	-343.0	464.0	503.0	-686.0	-175.0	-147.0	-579.0	479.0	711.0	-679.0	359.0	704.0	54.0	368.0	91.0	-314.0	218.0	-104.0	252.0	-176.0	-179.0	-229.0	-489.0	-451.0	-504.0	728.0	914.0	-979.0	-27.0	539.0	511.0	-47.0	951.0	175.0	513.0	16.0	-296.0	-989.0	60.0	915.0	-230.0	62.0	339.0	36.0	630.0	460.0	346.0	186.0	-304.0	408.0	-22.0	441.0	312.0	-263.0	-346.0	-41.0	-48.0	289.0	-578.0	183.0	209.0	344.0	481.0	309.0	-142.0	-40.0	-420.0	133.0	311.0	-18.0	89.0	265.0	435.0	969.0	874.0	491.0	607.0	476.0	660.0	263.0	-85.0	265.0	-97.0	-597.0	-370.0	-61.0	774.0	824.0	173.0	917.0	214.0	-797.0	-18.0	594.0	744.0	486.0	-534.0	-1074.0	533.0	-192.0	328.0	193.0	355.0	7.0	-285.0	-336.0	-161.0	-76.0	-560.0	281.0	139.0	898.0	-251.0	-341.0	-501.0	-686.0	1240.0	-1004.0	-223.0	-334.0	46.0	300.0	847.0	-222.0	32.0	306.0	-44.0	469.0	463.0	636.0	-308.0	314.0	351.0	-212.0	126.0	-888.0	-35.0	-383.0	-154.0	-51.0	-143.0	-224.0	-694.0	208.0	-99.0	-233.0	-1036.0	-153.0	1014.0	-202.0	-128.0	366.0	-580.0	375.0	-42.0	39.0	-1167.0	484.0	745.0	-338.0	225.0	-227.0	-838.0	-169.0	-261.0	310.0	1110.0	-31.0	120.0	1018.0	753.0	100.0	-741.0	17.0	-731.0	279.0	-58.0	-336.0	-85.0	21.0	-586.0	-465.0	-496.0	-736.0	271.0	-57.0	811.0	225.0	274.0	-193.0	-10.0	225.0	419.0	-213.0	1001.0	-479.0	-185.0	474.0	-784.0	-360.0	486.0	-294.0	-832.0	-320.0	-681.0	341.0	-638.0	-773.0	778.0	-256.0	450.0	216.0	-227.0	-340.0	422.0	239.0	-158.0	688.0	515.0	617.0	-121.0
-243.0	292.0	-51.0	-513.0	-1149.0	895.0	-913.0	-874.0	-42.0	-695.0	451.0	9.0	863.0	246.0	-999.0	-626.0	-46.0	-259.0	-583.0	-25.0	-210.0	-374.0	-685.0	8766.0	1203.0	-358.0	909.0	-428.0	-661.0	450.0	160.0	342.0	418.0	234.0	-644.0	-31.0	206.0	-571.0	-355.0	347.0	430.0	-187.0	-447.0	-148.0	-1071.0	-463.0	464.0	209.0	165.0	192.0	294.0	277.0	155.0	-782.0	297.0	423.0	309.0	-1285.0	-474.0	-367.0	338.0	-644.0	-238.0	320.0	-415.0	-48.0	808.0	-217.0	665.0	44.0	164.0	-717.0	1480.0	37.0	263.0	957.0	208.0	549.0	-274.0	-177.0	-1552.0	3.0	138.0	-694.0	816.0	194.0	-753.0	317.0	269.0	389.0	312.0	791.0	300.0	-454.0	148.0	23.0	288.0	-354.0	167.0	106.0	595.0	140.0	735.0	96.0	645.0	-162.0	344.0	161.0	-596.0	-898.0	730.0	-358.0	-334.0	529.0	648.0	845.0	394.0	-396.0	-703.0	-635.0	850.0	-153.0	641.0	171.0	656.0	64.0	590.0	-979.0	-444.0	-1100.0	-604.0	-955.0	934.0	717.0	288.0	-376.0	247.0	-568.0	418.0	-422.0	-174.0	-424.0	681.0	197.0	704.0	-381.0	426.0	728.0	1045.0	-22.0	-703.0	-972.0	-89.0	516.0	-214.0	-126.0	54.0	-1168.0	376.0	575.0	-187.0	140.0	334.0	81.0	-1199.0	-418.0	589.0	-175.0	-201.0	886.0	115.0	340.0	139.0	-1191.0	-1007.0	587.0	981.0	4.0	8.0	-94.0	231.0	2.0	533.0	411.0	238.0	-93.0	-331.0	-301.0	387.0	216.0	-596.0	312.0	-172.0	84.0	312.0	-1032.0	376.0	287.0	-22.0	622.0	-341.0	423.0	591.0	-289.0	1435.0	706.0	-497.0	571.0	-376.0	-1134.0	-41.0	235.0	-9.0	213.0	-69.0	292.0	33.0	457.0	19.0	-599.0	208.0	-1131.0	-1032.0	648.0	344.0	52.0	-175.0	-232.0	275.0	772.0	-730.0	-188.0	141.0	-272.0	-257.0	280.0	566.0	-370.0	-173.0	104.0	-500.0	137.0	854.0	-751.0	314.0	5.0	714.0	21.0	659.0	1202.0
582.0	568.0	-901.0	445.0	676.0	1151.0	486.0	-463.0	-790.0	-479.0	32.0	202.0	490.0	297.0	453.0	-812.0	196.0	-156.0	-495.0	391.0	131.0	-490.0	-60.0	1203.0	8000.0	-182.0	-747.0	453.0	165.0	-241.0	-553.0	-49.0	-137.0	259.0	-157.0	641.0	650.0	411.0	17.0	-42.0	536.0	6.0	-893.0	64.0	2.0	-630.0	-414.0	19.0	823.0	331.0	353.0	-618.0	178.0	196.0	-257.0	-163.0	-555.0	64.0	104.0	253.0	-271.0	-1226.0	-287.0	-98.0	-149.0	-69.0	175.0	-172.0	591.0	-1212.0	-136.0	-515.0	-635.0	-1102.0	-515.0	403.0	273.0	10.0	1226.0	-901.0	136.0	-913.0	-576.0	119.0	461.0	-735.0	87.0	195.0	739.0	44.0	-115.0	155.0	84.0	311.0	-326.0	804.0	-218.0	-591.0	-306.0	-305.0	-458.0	59.0	-248.0	-563.0	-929.0	-182.0	-169.0	922.0	185.0	1031.0	408.0	-482.0	700.0	-880.0	-348.0	350.0	-385.0	-677.0	140.0	480.0	137.0	-617.0	299.0	-358.0	412.0	-84.0	-296.0	-807.0	-542.0	259.0	-354.0	-288.0	651.0	169.0	-518.0	137.0	-51.0	132.0	912.0	-36.0	222.0	-197.0	390.0	19.0	-455.0	-252.0	177.0	128.0	533.0	775.0	-357.0	166.0	184.0	-624.0	369.0	138.0	345.0	-249.0	-292.0	-106.0	-478.0	-104.0	232.0	-595.0	-93.0	-111.0	-147.0	-371.0	505.0	-529.0	638.0	236.0	390.0	250.0	186.0	260.0	-163.0	-559.0	-532.0	-1039.0	244.0	-156.0	-7.0	476.0	6.0	453.0	368.0	-79.0	-278.0	-230.0	781.0	261.0	4.0	238.0	-402.0	-390.0	186.0	198.0	-90.0	-99.0	396.0	-35.0	-136.0	-119.0	51.0	-3.0	-8.0	-585.0	-53.0	224.0	-63.0	822.0	-10.0	-55.0	-153.0	-245.0	-328.0	1102.0	-193.0	221.0	533.0	-349.0	248.0	-49.0	-575.0	414.0	75.0	-584.0	206.0	-153.0	-284.0	-143.0	-88.0	678.0	165.0	494.0	744.0	-908.0	-358.0	-145.0	-130.0	-930.0	634.0	204.0	1248.0	854.0	-209.0	-807.0	750.0	278.0
